-16.8294 9.24857e-44
-16.6611 2.7445e-33
-16.4928 4.87932e-42
-16.3245 3.42912e-41
-16.1562 0
-15.9879 1.5954e-39
-15.8196 1.29806e-29
-15.6513 6.85195e-38
-15.483 4.35771e-37
-15.3147 2.71657e-36
-15.1464 7.88515e-27
-14.9781 9.94209e-35
-14.8098 5.83688e-34
-14.6416 7.82069e-25
-14.4733 0
-14.305 0
-14.1367 0
-13.9684 0
-13.8001 0
-13.6318 0
-13.4635 0
-13.2952 0
-13.1269 0
-12.9586 0
-12.7903 0
-12.622 0
-12.4537 0
-12.2854 0
-12.1171 0
-11.9489 0
-11.7806 0
-11.6123 0
-11.444 0
-11.2757 0
-11.1074 0
-10.9391 0
-10.7708 0
-10.6025 0
-10.4342 0
-10.2659 0
-10.0976 0
-9.92933 0
-9.76104 0
-9.59274 0
-9.42445 0
-9.25616 0
-9.08786 0
-8.91957 0
-8.75127 0
-8.58298 0
-8.41469 0
-8.24639 0
-8.0781 0
-7.9098 0
-7.74151 0
-7.57322 0
-7.40492 0
-7.23663 0
-7.06834 0
-6.90004 0
-6.73175 0
-6.56345 0
-6.39516 0
-6.22687 0
-6.05857 0
-5.89028 0
-5.72199 0
-5.55369 0
-5.3854 0
-5.2171 0
-5.04881 0
-4.88052 0
-4.71222 0
-4.54393 0
-4.37564 0
-4.20734 0
-4.03905 0
-3.87076 0
-3.70246 0
-3.53417 0
-3.36587 0
-3.19758 0
-3.02929 0
-2.86099 0
-2.6927 0
-2.52441 0
-2.35611 0
-2.18782 0
-2.01952 0
-1.85123 0
-1.68294 0
-1.51464 0
-1.34635 0
-1.17806 0
-1.00976 0
-0.841468 0
-0.673174 0
-0.504881 0
-0.336586 0
-0.168293 0
