-21.0367 8.38025e-32 -1.32475 -0.327988 -0.287485
-21.0157 1.03627e-31 -1.31995 -0.355857 -0.309158
-20.9946 1.28105e-31 -1.31493 -0.383624 -0.330442
-20.9736 1.58311e-31 -1.30969 -0.411286 -0.351356
-20.9526 1.95578e-31 -1.30425 -0.438838 -0.371916
-20.9315 2.41543e-31 -1.29863 -0.466275 -0.392137
-20.9105 2.98223e-31 -1.29283 -0.493594 -0.412034
-20.8895 3.68082e-31 -1.28686 -0.520791 -0.431619
-20.8684 4.54164e-31 -1.28073 -0.547862 -0.450905
-20.8474 5.6021e-31 -1.27445 -0.574804 -0.469902
-20.8263 6.90791e-31 -1.26803 -0.601614 -0.488622
-20.8053 8.51544e-31 -1.26148 -0.62829 -0.507074
-20.7843 1.04939e-30 -1.25481 -0.654827 -0.525267
-20.7632 1.2928e-30 -1.24801 -0.681224 -0.54321
-20.7422 1.59214e-30 -1.2411 -0.707478 -0.56091
-20.7212 1.96019e-30 -1.23408 -0.733587 -0.578374
-20.7001 2.41261e-30 -1.22696 -0.759548 -0.59561
-20.6791 2.96849e-30 -1.21974 -0.785359 -0.612624
-20.6581 3.65127e-30 -1.21243 -0.811018 -0.629421
-20.637 4.48981e-30 -1.20503 -0.836524 -0.646008
-20.616 5.51906e-30 -1.19755 -0.861874 -0.66239
-20.5949 6.78214e-30 -1.18998 -0.887066 -0.678572
-20.5739 8.33187e-30 -1.18234 -0.912099 -0.694557
-20.5529 1.02324e-29 -1.17462 -0.936972 -0.710351
-20.5318 1.25624e-29 -1.16684 -0.961682 -0.725958
-20.5108 1.54181e-29 -1.15899 -0.986229 -0.741381
-20.4898 1.89175e-29 -1.15107 -1.01061 -0.756624
-20.4687 2.32033e-29 -1.14309 -1.03482 -0.771691
-20.4477 2.84515e-29 -1.13506 -1.05887 -0.786584
-20.4267 3.48765e-29 -1.12696 -1.08275 -0.801307
-20.4056 4.27377e-29 -1.11882 -1.10646 -0.815863
-20.3846 5.2355e-29 -1.11062 -1.12999 -0.830254
-20.3635 6.41173e-29 -1.10237 -1.15336 -0.844483
-20.3425 7.84965e-29 -1.09407 -1.17655 -0.858552
-20.3215 9.60703e-29 -1.08572 -1.19956 -0.872463
-20.3004 1.17542e-28 -1.07734 -1.2224 -0.88622
-20.2794 1.43769e-28 -1.0689 -1.24507 -0.899823
-20.2584 1.75793e-28 -1.06043 -1.26755 -0.913274
-20.2373 2.14879e-28 -1.05192 -1.28986 -0.926576
-20.2163 2.62581e-28 -1.04337 -1.31199 -0.939731
-20.1952 3.20765e-28 -1.03478 -1.33394 -0.952739
-20.1742 3.9172e-28 -1.02616 -1.35571 -0.965603
-20.1532 4.78221e-28 -1.0175 -1.37729 -0.978324
-20.1321 5.83653e-28 -1.00881 -1.3987 -0.990903
-20.1111 7.12093e-28 -1.00009 -1.41992 -1.00334
-20.0901 8.68523e-28 -0.991331 -1.44096 -1.01564
-20.069 1.05901e-27 -0.982548 -1.46181 -1.0278
-20.048 1.29084e-27 -0.973736 -1.48248 -1.03983
-20.027 1.57294e-27 -0.964896 -1.50297 -1.05172
-20.0059 1.91613e-27 -0.956028 -1.52327 -1.06348
-19.9849 2.3334e-27 -0.947136 -1.54338 -1.0751
-19.9638 2.84067e-27 -0.938217 -1.5633 -1.08659
-19.9428 3.45721e-27 -0.929275 -1.58304 -1.09795
-19.9218 4.20616e-27 -0.92031 -1.60259 -1.10918
-19.9007 5.11577e-27 -0.911323 -1.62195 -1.12028
-19.8797 6.22012e-27 -0.902313 -1.64112 -1.13125
-19.8587 7.56067e-27 -0.89328 -1.6601 -1.14209
-19.8376 9.18706e-27 -0.884224 -1.67889 -1.1528
-19.8166 1.11598e-26 -0.875152 -1.69749 -1.16339
-19.7955 1.35522e-26 -0.866057 -1.7159 -1.17385
-19.7745 1.64522e-26 -0.856945 -1.73412 -1.18419
-19.7535 1.99663e-26 -0.847816 -1.75215 -1.1944
-19.7324 2.42233e-26 -0.83867 -1.76999 -1.20449
-19.7114 2.93795e-26 -0.829507 -1.78763 -1.21445
-19.6904 3.56216e-26 -0.820326 -1.80508 -1.22429
-19.6693 4.31763e-26 -0.811129 -1.82234 -1.23401
-19.6483 5.23177e-26 -0.801915 -1.8394 -1.24361
-19.6273 6.33736e-26 -0.792684 -1.85627 -1.25308
-19.6062 7.67417e-26 -0.783442 -1.87294 -1.26243
-19.5852 9.29028e-26 -0.774182 -1.88943 -1.27167
-19.5641 1.1243e-25 -0.764912 -1.90571 -1.28078
-19.5431 1.36019e-25 -0.755624 -1.9218 -1.28977
-19.5221 1.64505e-25 -0.746325 -1.9377 -1.29865
-19.501 1.989e-25 -0.737014 -1.9534 -1.3074
-19.48 2.40404e-25 -0.727687 -1.9689 -1.31604
-19.459 2.90481e-25 -0.718348 -1.98421 -1.32456
-19.4379 3.50885e-25 -0.708998 -1.99932 -1.33296
-19.4169 4.23708e-25 -0.699637 -2.01424 -1.34124
-19.3959 5.11487e-25 -0.690264 -2.02896 -1.3494
-19.3748 6.17256e-25 -0.68088 -2.04348 -1.35745
-19.3538 7.44678e-25 -0.671484 -2.0578 -1.36538
-19.3327 8.98106e-25 -0.662077 -2.07193 -1.3732
-19.3117 1.08281e-24 -0.652659 -2.08585 -1.3809
-19.2907 1.30512e-24 -0.643241 -2.09958 -1.38848
-19.2696 1.57255e-24 -0.633812 -2.11312 -1.39595
-19.2486 1.89417e-24 -0.624371 -2.12645 -1.4033
-19.2276 2.28091e-24 -0.614919 -2.13958 -1.41054
-19.2065 2.74571e-24 -0.605456 -2.15252 -1.41766
-19.1855 3.30419e-24 -0.595992 -2.16526 -1.42466
-19.1644 3.97508e-24 -0.586517 -2.17779 -1.43156
-19.1434 4.78063e-24 -0.577031 -2.19013 -1.43833
-19.1224 5.74763e-24 -0.567534 -2.20227 -1.445
-19.1013 6.90807e-24 -0.558036 -2.21421 -1.45155
-19.0803 8.30036e-24 -0.548528 -2.22595 -1.45798
-19.0593 9.96992e-24 -0.539008 -2.23749 -1.4643
-19.0382 1.19716e-23 -0.529487 -2.24883 -1.47051
-19.0172 1.43709e-23 -0.519956 -2.25997 -1.47661
-18.9962 1.72453e-23 -0.510425 -2.27091 -1.48259
-18.9751 2.06883e-23 -0.500882 -2.28164 -1.48846
-18.9541 2.48109e-23 -0.491339 -2.29218 -1.49421
-18.933 2.97461e-23 -0.481785 -2.30252 -1.49986
-18.912 3.56514e-23 -0.47222 -2.31265 -1.50539
-18.891 4.27157e-23 -0.462654 -2.32258 -1.51081
-18.8699 5.11644e-23 -0.453077 -2.33232 -1.51611
-18.8489 6.12643e-23 -0.443501 -2.34185 -1.52131
-18.8279 7.33349e-23 -0.433924 -2.35118 -1.52639
-18.8068 8.77574e-23 -0.424336 -2.36031 -1.53136
-18.7858 1.04982e-22 -0.414748 -2.36923 -1.53622
-18.7648 1.25548e-22 -0.405148 -2.37796 -1.54096
-18.7437 1.50099e-22 -0.395549 -2.38648 -1.54559
-18.7227 1.79392e-22 -0.385938 -2.3948 -1.55012
-18.7016 2.14335e-22 -0.376327 -2.40292 -1.55453
-18.6806 2.56003e-22 -0.366716 -2.41084 -1.55883
-18.6596 3.05681e-22 -0.357094 -2.41855 -1.56302
-18.6385 3.64881e-22 -0.347472 -2.42606 -1.56709
-18.6175 4.3541e-22 -0.33785 -2.43337 -1.57106
-18.5965 5.19406e-22 -0.328217 -2.44048 -1.57491
-18.5754 6.19425e-22 -0.318583 -2.44739 -1.57866
-18.5544 7.38462e-22 -0.30895 -2.45409 -1.58229
-18.5333 8.80095e-22 -0.299305 -2.46059 -1.58581
-18.5123 1.04859e-21 -0.28966 -2.46688 -1.58922
-18.4913 1.24893e-21 -0.280016 -2.47298 -1.59252
-18.4702 1.48707e-21 -0.270371 -2.47887 -1.59571
-18.4492 1.7701e-21 -0.260715 -2.48456 -1.59879
-18.4282 2.10631e-21 -0.251059 -2.49004 -1.60176
-18.4071 2.5056e-21 -0.241402 -2.49532 -1.60461
-18.3861 2.9797e-21 -0.231746 -2.5004 -1.60736
-18.3651 3.54233e-21 -0.222079 -2.50528 -1.61
-18.344 4.20989e-21 -0.212412 -2.50995 -1.61252
-18.323 5.00168e-21 -0.202744 -2.51442 -1.61494
-18.3019 5.94066e-21 -0.193077 -2.51868 -1.61724
-18.2809 7.05358e-21 -0.183409 -2.52274 -1.61944
-18.2599 8.37234e-21 -0.173742 -2.5266 -1.62152
-18.2388 9.93474e-21 -0.164063 -2.53026 -1.62349
-18.2178 1.17848e-20 -0.154384 -2.53371 -1.62536
-18.1968 1.39751e-20 -0.144705 -2.53695 -1.62711
-18.1757 1.65673e-20 -0.135027 -2.54 -1.62876
-18.1547 1.96345e-20 -0.125348 -2.54284 -1.63029
-18.1336 2.32618e-20 -0.115669 -2.54548 -1.63171
-18.1126 2.75508e-20 -0.10599 -2.54791 -1.63303
-18.0916 3.26207e-20 -0.0963117 -2.55014 -1.63423
-18.0705 3.86108e-20 -0.0866216 -2.55217 -1.63532
-18.0495 4.56868e-20 -0.0769315 -2.55399 -1.63631
-18.0285 5.40436e-20 -0.0672414 -2.55561 -1.63718
-18.0074 6.39076e-20 -0.0575513 -2.55702 -1.63794
-17.9864 7.5549e-20 -0.0478612 -2.55823 -1.6386
-17.9654 8.92838e-20 -0.0381711 -2.55924 -1.63914
-17.9443 1.05482e-19 -0.028481 -2.56004 -1.63957
-17.9233 1.24579e-19 -0.0187909 -2.56064 -1.6399
-17.9022 1.47088e-19 -0.00910076 -2.56104 -1.64011
-17.8812 1.73611e-19 0.000589339 -2.56123 -1.64021
-17.8602 2.04852e-19 0.0102794 -2.56121 -1.64021
-17.8391 2.41636e-19 0.0199695 -2.561 -1.64009
-17.8181 2.84943e-19 0.0296596 -2.56058 -1.63986
-17.7971 3.35901e-19 0.0393497 -2.55995 -1.63953
-17.776 3.95849e-19 0.0490398 -2.55913 -1.63908
-17.755 4.66347e-19 0.0587299 -2.55809 -1.63852
-17.734 5.49242e-19 0.06842 -2.55686 -1.63786
-17.7129 6.46654e-19 0.0781101 -2.55542 -1.63708
-17.6919 7.61108e-19 0.0878002 -2.55378 -1.63619
-17.6708 8.95557e-19 0.0974903 -2.55193 -1.6352
-17.6498 1.05341e-18 0.107169 -2.54988 -1.63409
-17.6288 1.23869e-18 0.116848 -2.54762 -1.63287
-17.6077 1.45614e-18 0.126527 -2.54517 -1.63155
-17.5867 1.71118e-18 0.136205 -2.5425 -1.63011
-17.5657 2.01028e-18 0.145884 -2.53964 -1.62856
-17.5446 2.36095e-18 0.155563 -2.53657 -1.62691
-17.5236 2.77189e-18 0.165242 -2.5333 -1.62514
-17.5025 3.25334e-18 0.17492 -2.52982 -1.62326
-17.4815 3.81722e-18 0.184588 -2.52614 -1.62127
-17.4605 4.4775e-18 0.194255 -2.52226 -1.61917
-17.4394 5.25027e-18 0.203923 -2.51817 -1.61697
-17.4184 6.15446e-18 0.21359 -2.51388 -1.61465
-17.3974 7.21216e-18 0.223258 -2.50939 -1.61222
-17.3763 8.4491e-18 0.232925 -2.50469 -1.60968
-17.3553 9.89497e-18 0.242581 -2.49979 -1.60703
-17.3343 1.15846e-17 0.252237 -2.49469 -1.60427
-17.3132 1.35587e-17 0.261893 -2.48938 -1.6014
-17.2922 1.58641e-17 0.271549 -2.48387 -1.59842
-17.2711 1.85555e-17 0.281194 -2.47816 -1.59533
-17.2501 2.16974e-17 0.290839 -2.47225 -1.59212
-17.2291 2.53627e-17 0.300484 -2.46613 -1.58881
-17.208 2.96379e-17 0.310129 -2.45981 -1.58539
-17.187 3.46236e-17 0.319762 -2.45328 -1.58185
-17.166 4.04347e-17 0.329395 -2.44656 -1.57821
-17.1449 4.72064e-17 0.339029 -2.43963 -1.57445
-17.1239 5.50946e-17 0.348651 -2.43249 -1.57058
-17.1028 6.4282e-17 0.358273 -2.42516 -1.5666
-17.0818 7.49772e-17 0.367895 -2.41762 -1.56251
-17.0608 8.74242e-17 0.377506 -2.40988 -1.55831
-17.0397 1.01907e-16 0.387117 -2.40194 -1.554
-17.0187 1.18751e-16 0.396727 -2.3938 -1.54957
-16.9977 1.38335e-16 0.406327 -2.38545 -1.54504
-16.9766 1.611e-16 0.415926 -2.3769 -1.54039
-16.9556 1.87553e-16 0.425514 -2.36816 -1.53563
-16.9346 2.1828e-16 0.435102 -2.3592 -1.53076
-16.9135 2.5396e-16 0.444679 -2.35005 -1.52577
-16.8925 2.95386e-16 0.454256 -2.3407 -1.52068
-16.8714 3.43457e-16 0.463821 -2.33114 -1.51547
-16.8504 3.99225e-16 0.473387 -2.32138 -1.51015
-16.8294 4.63908e-16 0.482941 -2.31142 -1.50472
-16.8083 5.38899e-16 0.492495 -2.30126 -1.49918
-16.7873 6.25816e-16 0.502038 -2.2909 -1.49352
-16.7663 7.26533e-16 0.511581 -2.28034 -1.48775
-16.7452 8.43185e-16 0.521112 -2.26958 -1.48187
-16.7242 9.78261e-16 0.530643 -2.25862 -1.47587
-16.7032 1.13462e-15 0.540164 -2.24746 -1.46976
-16.6821 1.31558e-15 0.549672 -2.23609 -1.46354
-16.6611 1.5249e-15 0.559181 -2.22453 -1.4572
-16.64 1.76697e-15 0.568679 -2.21277 -1.45075
-16.619 2.04684e-15 0.578165 -2.2008 -1.44419
-16.598 2.37032e-15 0.587651 -2.18864 -1.43751
-16.5769 2.74402e-15 0.597126 -2.17628 -1.43072
-16.5559 3.17566e-15 0.606589 -2.16372 -1.42382
-16.5349 3.67409e-15 0.616052 -2.15096 -1.4168
-16.5138 4.24937e-15 0.625504 -2.138 -1.40966
-16.4928 4.91319e-15 0.634945 -2.12484 -1.40241
-16.4717 5.679e-15 0.644375 -2.11148 -1.39504
-16.4507 6.56205e-15 0.653793 -2.09792 -1.38756
-16.4297 7.58004e-15 0.663211 -2.08417 -1.37997
-16.4086 8.7533e-15 0.672618 -2.07022 -1.37225
-16.3876 1.01049e-14 0.682013 -2.05607 -1.36443
-16.3666 1.16616e-14 0.691397 -2.04172 -1.35648
-16.3455 1.3454e-14 0.70077 -2.02718 -1.34842
-16.3245 1.55169e-14 0.710126 -2.01244 -1.34024
-16.3035 1.78905e-14 0.719476 -1.9975 -1.33194
-16.2824 2.06208e-14 0.728809 -1.98236 -1.32353
-16.2614 2.37603e-14 0.738131 -1.96703 -1.315
-16.2403 2.73695e-14 0.747441 -1.9515 -1.30635
-16.2193 3.15167e-14 0.75674 -1.93578 -1.29758
-16.1983 3.62811e-14 0.766022 -1.91986 -1.28869
-16.1772 4.17531e-14 0.775293 -1.90374 -1.27968
-16.1562 4.80348e-14 0.784552 -1.88743 -1.27055
-16.1352 5.52444e-14 0.793795 -1.87093 -1.26131
-16.1141 6.35169e-14 0.80302 -1.85423 -1.25194
-16.0931 7.30046e-14 0.812234 -1.83734 -1.24245
-16.0721 8.38832e-14 0.821431 -1.82025 -1.23284
-16.051 9.63538e-14 0.830612 -1.80297 -1.2231
-16.03 1.10643e-13 0.839775 -1.7855 -1.21325
-16.0089 1.27011e-13 0.848921 -1.76783 -1.20327
-15.9879 1.45755e-13 0.85805 -1.74997 -1.19317
-15.9669 1.67214e-13 0.867156 -1.73192 -1.18294
-15.9458 1.91771e-13 0.876246 -1.71368 -1.17259
-15.9248 2.19867e-13 0.885318 -1.69525 -1.16211
-15.9038 2.52001e-13 0.894368 -1.67662 -1.15151
-15.8827 2.88738e-13 0.903395 -1.65781 -1.14078
-15.8617 3.30728e-13 0.912405 -1.6388 -1.12992
-15.8406 3.7871e-13 0.921393 -1.61961 -1.11894
-15.8196 4.33516e-13 0.930357 -1.60023 -1.10782
-15.7986 4.96095e-13 0.939294 -1.58066 -1.09658
-15.7775 5.67535e-13 0.948207 -1.5609 -1.0852
-15.7565 6.49058e-13 0.957099 -1.54095 -1.0737
-15.7355 7.42057e-13 0.965961 -1.52081 -1.06206
-15.7144 8.48114e-13 0.974796 -1.50049 -1.05029
-15.6934 9.6904e-13 0.983602 -1.47999 -1.03838
-15.6724 1.10685e-12 0.99238 -1.4593 -1.02634
-15.6513 1.26386e-12 1.00113 -1.43842 -1.01416
-15.6303 1.4427e-12 1.00985 -1.41736 -1.00184
-15.6092 1.64633e-12 1.01854 -1.39611 -0.989386
-15.5882 1.87811e-12 1.02719 -1.37469 -0.97679
-15.5672 2.14185e-12 1.03581 -1.35308 -0.964052
-15.5461 2.44188e-12 1.04439 -1.33129 -0.951171
-15.5251 2.78304e-12 1.05294 -1.30932 -0.938145
-15.5041 3.17088e-12 1.06145 -1.28717 -0.924973
-15.483 3.61169e-12 1.06991 -1.26484 -0.911653
-15.462 4.11244e-12 1.07834 -1.24233 -0.898183
-15.441 4.68115e-12 1.08672 -1.21965 -0.884562
-15.4199 5.32687e-12 1.09506 -1.19679 -0.870788
-15.3989 6.05978e-12 1.10335 -1.17375 -0.856857
-15.3778 6.89133e-12 1.1116 -1.15054 -0.842769
-15.3568 7.83458e-12 1.11979 -1.12715 -0.828521
-15.3358 8.90414e-12 1.12793 -1.1036 -0.814111
-15.3147 1.01165e-11 1.13602 -1.07987 -0.799535
-15.2937 1.14904e-11 1.14405 -1.05597 -0.784791
-15.2727 1.30468e-11 1.15202 -1.0319 -0.769877
-15.2516 1.48095e-11 1.15993 -1.00767 -0.75479
-15.2306 1.68049e-11 1.16778 -0.983268 -0.739525
-15.2095 1.90633e-11 1.17555 -0.958702 -0.72408
-15.1885 2.16185e-11 1.18326 -0.933972 -0.708451
-15.1675 2.45083e-11 1.19089 -0.90908 -0.692634
-15.1464 2.7776e-11 1.19845 -0.884028 -0.676625
-15.1254 3.14695e-11 1.20592 -0.858816 -0.66042
-15.1044 3.56428e-11 1.21331 -0.833448 -0.644014
-15.0833 4.03569e-11 1.22061 -0.807924 -0.627401
-15.0623 4.56805e-11 1.22782 -0.782246 -0.610578
-15.0413 5.16901e-11 1.23493 -0.756417 -0.593538
-15.0202 5.84717e-11 1.24194 -0.730438 -0.576275
-14.9992 6.6123e-11 1.24883 -0.704311 -0.558782
-14.9781 7.47518e-11 1.25562 -0.67804 -0.541053
-14.9571 8.44798e-11 1.26228 -0.651626 -0.523081
-14.9361 9.54447e-11 1.26881 -0.625072 -0.504857
-14.915 1.07799e-10 1.27521 -0.59838 -0.486373
-14.894 1.21714e-10 1.28147 -0.571554 -0.467621
-14.873 1.37381e-10 1.28758 -0.544596 -0.448589
-14.8519 1.55018e-10 1.29353 -0.517509 -0.429267
-14.8309 1.74865e-10 1.29931 -0.490298 -0.409645
-14.8098 1.97191e-10 1.30492 -0.462964 -0.38971
-14.7888 2.22297e-10 1.31033 -0.435513 -0.369449
-14.7678 2.50523e-10 1.31555 -0.407948 -0.348847
-14.7467 2.82242e-10 1.32054 -0.380273 -0.32789
-14.7257 3.17878e-10 1.32531 -0.352493 -0.306559
-14.7047 3.57905e-10 1.32984 -0.324613 -0.284838
-14.6836 4.02843e-10 1.3341 -0.296638 -0.262706
-14.6626 4.53281e-10 1.33808 -0.268573 -0.240143
-14.6416 5.09877e-10 1.34176 -0.240424 -0.217124
-14.6205 5.73362e-10 1.34512 -0.212198 -0.193625
-14.5995 6.44545e-10 1.34814 -0.183901 -0.169618
-14.5784 7.24343e-10 1.35078 -0.15554 -0.145072
-14.5574 8.13766e-10 1.35302 -0.127124 -0.119955
-14.5364 9.13939e-10 1.35482 -0.0986613 -0.0942314
-14.5153 1.02612e-09 1.35616 -0.0701603 -0.0678604
-14.4943 1.15173e-09 1.35698 -0.0416312 -0.0407993
-14.4733 1.29229e-09 1.35725 -0.0130848 -0.0130003
-14.4522 1.44956e-09 1.35692 0.0154672 0.0155887
-14.4312 1.62546e-09 1.35593 0.0440123 0.0450254
-14.4102 1.82214e-09 1.35422 0.0725365 0.0753731
-14.3891 2.04197e-09 1.35172 0.101025 0.106701
-14.3681 2.28761e-09 1.34836 0.129461 0.139087
-14.347 2.56201e-09 1.34405 0.157826 0.172614
-14.326 2.86841e-09 1.33869 0.1861 0.207376
-14.305 3.21046e-09 1.33217 0.214261 0.243475
-14.2839 3.59217e-09 1.32437 0.242286 0.281022
-14.2629 4.01803e-09 1.31514 0.270146 0.320142
-14.2419 4.49295e-09 1.30432 0.297812 0.360967
-14.2208 5.02244e-09 1.29174 0.325251 0.403642
-14.1998 5.61258e-09 1.27718 0.352425 0.448324
-14.1787 6.27008e-09 1.26039 0.379293 0.495179
-14.1577 7.00246e-09 1.24112 0.405807 0.544381
-14.1367 7.81793e-09 1.21905 0.431916 0.59611
-14.1156 8.72558e-09 1.19382 0.457561 0.650543
-14.0946 9.73559e-09 1.16503 0.482675 0.707848
-14.0736 1.08592e-08 1.13224 0.507184 0.768168
-14.0525 1.21086e-08 1.09494 0.531002 0.831604
-14.0315 1.34975e-08 1.05257 0.554036 0.898185
-14.0105 1.50412e-08 1.00453 0.576179 0.967833
-13.9894 1.67561e-08 0.950188 0.597311 1.04031
-13.9684 1.86606e-08 0.888888 0.6173 1.11516
-13.9473 2.07752e-08 0.82002 0.635999 1.19162
-13.9263 2.31222e-08 0.743058 0.65325 1.26858
-13.9053 2.57262e-08 0.65764 0.668881 1.34447
-13.8842 2.86145e-08 0.563675 0.682716 1.41723
-13.8632 3.18173e-08 0.461439 0.694574 1.48434
-13.8422 3.53675e-08 0.351677 0.704281 1.54293
-13.8211 3.93013e-08 0.235665 0.711679 1.59002
-13.8001 4.36593e-08 0.115188 0.716637 1.62284
-13.779 4.84853e-08 -0.00755941 0.71906 1.63927
-13.758 5.38278e-08 -0.130156 0.718901 1.63818
-13.737 5.97402e-08 -0.250197 0.716163 1.61965
-13.7159 6.6282e-08 -0.365526 0.710899 1.58495
-13.6949 7.35166e-08 -0.474421 0.70321 1.5363
-13.6739 8.15151e-08 -0.575671 0.69323 1.4765
-13.6528 9.03561e-08 -0.668594 0.681119 1.40854
-13.6318 1.00125e-07 -0.75296 0.667054 1.33527
-13.6108 1.10914e-07 -0.828906 0.651214 1.25915
-13.5897 1.22829e-07 -0.896813 0.633777 1.18218
-13.5687 1.35981e-07 -0.957223 0.614911 1.10586
-13.5476 1.50493e-07 -1.01076 0.594774 1.03127
-13.5266 1.66502e-07 -1.05807 0.573511 0.959119
-13.5056 1.84158e-07 -1.09978 0.551253 0.88984
-13.4845 2.03621e-07 -1.1365 0.528117 0.823643
-13.4635 2.2507e-07 -1.16877 0.504209 0.760593
-13.4425 2.48703e-07 -1.1971 0.479622 0.70065
-13.4214 2.74731e-07 -1.22192 0.454439 0.643706
-13.4004 3.03386e-07 -1.24363 0.428733 0.589615
-13.3794 3.34928e-07 -1.26258 0.402571 0.538206
-13.3583 3.69634e-07 -1.27908 0.376011 0.489301
-13.3373 4.07806e-07 -1.29339 0.349103 0.442723
-13.3162 4.49779e-07 -1.30574 0.321895 0.398296
-13.2952 4.9592e-07 -1.31635 0.294426 0.355856
-13.2742 5.46623e-07 -1.3254 0.266734 0.315248
-13.2531 6.0232e-07 -1.33303 0.238852 0.276329
-13.2321 6.63487e-07 -1.3394 0.21081 0.238965
-13.2111 7.30637e-07 -1.34463 0.182633 0.203037
-13.19 8.04328e-07 -1.34882 0.154346 0.168432
-13.169 8.8518e-07 -1.35207 0.125972 0.13505
-13.1479 9.73854e-07 -1.35447 0.0975284 0.102798
-13.1269 1.07107e-06 -1.35608 0.0690349 0.0715945
-13.1059 1.17763e-06 -1.35699 0.0405073 0.0413624
-13.0848 1.29438e-06 -1.35725 0.0119607 0.0120331
-13.0638 1.42227e-06 -1.35691 -0.0165913 -0.016456
-13.0428 1.5623e-06 -1.35602 -0.0451362 -0.0441616
-13.0217 1.71558e-06 -1.35462 -0.0736624 -0.0711355
-13.0007 1.88332e-06 -1.35276 -0.102159 -0.0974247
-12.9797 2.0668e-06 -1.35047 -0.130617 -0.123072
-12.9586 2.26746e-06 -1.34779 -0.159027 -0.148117
-12.9376 2.48681e-06 -1.34473 -0.18738 -0.172594
-12.9165 2.72654e-06 -1.34133 -0.215668 -0.196538
-12.8955 2.98845e-06 -1.33761 -0.243885 -0.219976
-12.8745 3.27448e-06 -1.33359 -0.272024 -0.242938
-12.8534 3.58678e-06 -1.32929 -0.300079 -0.265447
-12.8324 3.92762e-06 -1.32474 -0.328043 -0.287527
-12.8114 4.29952e-06 -1.31994 -0.355911 -0.3092
-12.7903 4.70517e-06 -1.31492 -0.383678 -0.330483
-12.7693 5.14746e-06 -1.30968 -0.41134 -0.351396
-12.7483 5.62959e-06 -1.30424 -0.438891 -0.371956
-12.7272 6.15492e-06 -1.29862 -0.466328 -0.392176
-12.7062 6.72721e-06 -1.29281 -0.493647 -0.412072
-12.6851 7.35038e-06 -1.28684 -0.520843 -0.431656
-12.6641 8.02878e-06 -1.28071 -0.547914 -0.450942
-12.6431 8.76709e-06 -1.27443 -0.574856 -0.469939
-12.622 9.57024e-06 -1.26801 -0.601666 -0.488658
-12.601 1.04438e-05 -1.26146 -0.628341 -0.507109
-12.58 1.13934e-05 -1.25479 -0.654878 -0.525302
-12.5589 1.24255e-05 -1.24799 -0.681274 -0.543244
-12.5379 1.35469e-05 -1.24108 -0.707528 -0.560943
-12.5168 1.47649e-05 -1.23406 -0.733636 -0.578407
-12.4958 1.60874e-05 -1.22694 -0.759597 -0.595642
-12.4748 1.75228e-05 -1.21972 -0.785407 -0.612656
-12.4537 1.90804e-05 -1.21241 -0.811066 -0.629453
-12.4327 2.07699e-05 -1.20501 -0.836571 -0.646039
-12.4117 2.26019e-05 -1.19752 -0.861921 -0.66242
-12.3906 2.45879e-05 -1.18996 -0.887113 -0.678601
-12.3696 2.67399e-05 -1.18232 -0.912145 -0.694586
-12.3486 2.90714e-05 -1.1746 -0.937018 -0.71038
-12.3275 3.15962e-05 -1.16682 -0.961727 -0.725986
-12.3065 3.43294e-05 -1.15896 -0.986273 -0.741409
-12.2854 3.72875e-05 -1.15105 -1.01065 -0.756652
-12.2644 4.04878e-05 -1.14307 -1.03487 -0.771718
-12.2434 4.39492e-05 -1.13503 -1.05891 -0.786611
-12.2223 4.76915e-05 -1.12694 -1.08279 -0.801334
-12.2013 5.17362e-05 -1.11879 -1.1065 -0.815889
-12.1803 5.61066e-05 -1.11059 -1.13004 -0.83028
-12.1592 6.08269e-05 -1.10234 -1.1534 -0.844508
-12.1382 6.59241e-05 -1.09405 -1.17659 -0.858577
-12.1171 7.14258e-05 -1.0857 -1.1996 -0.872488
-12.0961 7.73625e-05 -1.07731 -1.22244 -0.886244
-12.0751 8.37667e-05 -1.06888 -1.24511 -0.899846
-12.054 9.06723e-05 -1.06041 -1.26759 -0.913297
-12.033 9.81168e-05 -1.0519 -1.2899 -0.926599
-12.012 0.000106139 -1.04335 -1.31203 -0.939753
-11.9909 0.000114782 -1.03476 -1.33398 -0.952761
-11.9699 0.00012409 -1.02614 -1.35574 -0.965625
-11.9489 0.00013411 -1.01748 -1.37733 -0.978345
-11.9278 0.000144894 -1.00878 -1.39873 -0.990924
-11.9068 0.000156497 -1.00006 -1.41996 -1.00336
-11.8857 0.000168975 -0.991309 -1.44099 -1.01566
-11.8647 0.000182392 -0.982525 -1.46185 -1.02782
-11.8437 0.000196813 -0.973713 -1.48252 -1.03985
-11.8226 0.000212307 -0.964873 -1.503 -1.05174
-11.8016 0.00022895 -0.956005 -1.5233 -1.0635
-11.7806 0.00024682 -0.947114 -1.54341 -1.07512
-11.7595 0.000266002 -0.938194 -1.56333 -1.08661
-11.7385 0.000286584 -0.929252 -1.58307 -1.09797
-11.7175 0.000308664 -0.920287 -1.60262 -1.1092
-11.6964 0.00033234 -0.9113 -1.62198 -1.12029
-11.6754 0.000357721 -0.90229 -1.64115 -1.13126
-11.6543 0.00038492 -0.893257 -1.66013 -1.1421
-11.6333 0.000414056 -0.884202 -1.67892 -1.15282
-11.6123 0.00044526 -0.875129 -1.69752 -1.16341
-11.5912 0.000478665 -0.866034 -1.71593 -1.17387
-11.5702 0.000514417 -0.856922 -1.73415 -1.1842
-11.5492 0.000552666 -0.847793 -1.75218 -1.19441
-11.5281 0.000593572 -0.838647 -1.77001 -1.2045
-11.5071 0.000637308 -0.829484 -1.78766 -1.21447
-11.486 0.000684051 -0.820304 -1.8051 -1.22431
-11.465 0.000733995 -0.811107 -1.82236 -1.23402
-11.444 0.00078734 -0.801893 -1.83942 -1.24362
-11.4229 0.000844295 -0.792662 -1.85629 -1.25309
-11.4019 0.00090509 -0.783419 -1.87297 -1.26245
-11.3809 0.000969956 -0.77416 -1.88945 -1.27168
-11.3598 0.00103915 -0.764889 -1.90574 -1.28079
-11.3388 0.00111293 -0.755601 -1.92183 -1.28979
-11.3178 0.00119158 -0.746302 -1.93772 -1.29866
-11.2967 0.00127538 -0.736992 -1.95342 -1.30742
-11.2757 0.00136466 -0.727664 -1.96892 -1.31605
-11.2546 0.00145972 -0.718325 -1.98423 -1.32457
-11.2336 0.00156093 -0.708975 -1.99934 -1.33297
-11.2126 0.00166862 -0.699614 -2.01426 -1.34125
-11.1915 0.00178319 -0.690241 -2.02898 -1.34942
-11.1705 0.00190503 -0.680857 -2.0435 -1.35746
-11.1495 0.00203456 -0.671462 -2.05782 -1.36539
-11.1284 0.00217222 -0.662055 -2.07194 -1.37321
-11.1074 0.00231846 -0.652637 -2.08587 -1.38091
-11.0863 0.00247378 -0.643219 -2.0996 -1.38849
-11.0653 0.00263868 -0.633789 -2.11313 -1.39596
-11.0443 0.00281369 -0.624348 -2.12647 -1.40331
-11.0232 0.00299938 -0.614896 -2.1396 -1.41054
-11.0022 0.00319631 -0.605433 -2.15253 -1.41766
-10.9812 0.00340512 -0.595969 -2.16527 -1.42467
-10.9601 0.00362642 -0.586495 -2.17781 -1.43156
-10.9391 0.00386091 -0.577009 -2.19015 -1.43834
-10.9181 0.00410928 -0.567511 -2.20228 -1.445
-10.897 0.00437225 -0.558014 -2.21422 -1.45155
-10.876 0.00465061 -0.548505 -2.22596 -1.45799
-10.8549 0.00494513 -0.538985 -2.2375 -1.46431
-10.8339 0.00525667 -0.529465 -2.24884 -1.47051
-10.8129 0.00558609 -0.519933 -2.25998 -1.47661
-10.7918 0.00593428 -0.510402 -2.27092 -1.48259
-10.7708 0.00630224 -0.500859 -2.28165 -1.48846
-10.7498 0.00669089 -0.491316 -2.29219 -1.49421
-10.7287 0.0071013 -0.481762 -2.30252 -1.49986
-10.7077 0.00753453 -0.472197 -2.31266 -1.50538
-10.6867 0.00799169 -0.462631 -2.32259 -1.5108
-10.6656 0.00847396 -0.453066 -2.33232 -1.51611
-10.6446 0.00898249 -0.443489 -2.34186 -1.5213
-10.6235 0.00951859 -0.433912 -2.35119 -1.52638
-10.6025 0.0100835 -0.424324 -2.36031 -1.53135
-10.5815 0.0106787 -0.414736 -2.36924 -1.5362
-10.5604 0.0113054 -0.405137 -2.37796 -1.54095
-10.5394 0.0119651 -0.395537 -2.38649 -1.54558
-10.5184 0.0126594 -0.385927 -2.39481 -1.5501
-10.4973 0.0133898 -0.376316 -2.40293 -1.5545
-10.4763 0.014158 -0.366705 -2.41084 -1.5588
-10.4552 0.0149655 -0.357083 -2.41856 -1.56299
-10.4342 0.0158141 -0.347461 -2.42607 -1.56706
-10.4132 0.0167057 -0.337839 -2.43338 -1.57102
-10.3921 0.0176419 -0.328205 -2.44049 -1.57487
-10.3711 0.0186249 -0.318572 -2.44739 -1.57861
-10.3501 0.0196564 -0.308939 -2.45409 -1.58223
-10.329 0.0207386 -0.299294 -2.46059 -1.58575
-10.308 0.0218736 -0.289649 -2.46689 -1.58915
-10.287 0.0230634 -0.280004 -2.47298 -1.59245
-10.2659 0.0243104 -0.270359 -2.47887 -1.59563
-10.2449 0.0256168 -0.260703 -2.48456 -1.59869
-10.2238 0.0269849 -0.251047 -2.49004 -1.60165
-10.2028 0.0284173 -0.241391 -2.49532 -1.6045
-10.1818 0.0299163 -0.231735 -2.5004 -1.60723
-10.1607 0.0314846 -0.222079 -2.50528 -1.60985
-10.1397 0.0331247 -0.212412 -2.50995 -1.61237
-10.1187 0.0348393 -0.202744 -2.51442 -1.61476
-10.0976 0.0366313 -0.193077 -2.51868 -1.61705
-10.0766 0.0385034 -0.183409 -2.52274 -1.61923
-10.0556 0.0404586 -0.173742 -2.5266 -1.62129
-10.0345 0.0424997 -0.164074 -2.53026 -1.62324
-10.0135 0.0446298 -0.154396 -2.53371 -1.62508
-9.99244 0.0468522 -0.144717 -2.53696 -1.6268
-9.9714 0.0491697 -0.135038 -2.54 -1.62842
-9.95037 0.0515858 -0.125359 -2.54284 -1.62992
-9.92933 0.0541038 -0.115681 -2.54548 -1.6313
-9.90829 0.0567268 -0.106002 -2.54791 -1.63257
-9.88726 0.0594585 -0.096323 -2.55014 -1.63373
-9.86622 0.0623022 -0.0866442 -2.55217 -1.63478
-9.84518 0.0652616 -0.0769655 -2.55399 -1.63571
-9.82415 0.0683402 -0.0672867 -2.55561 -1.63653
-9.80311 0.0715415 -0.0576079 -2.55703 -1.63723
-9.78207 0.0748696 -0.0479292 -2.55824 -1.63781
-9.76104 0.0783278 -0.0382504 -2.55925 -1.63828
-9.74 0.0819203 -0.0285716 -2.56005 -1.63864
-9.71896 0.0856507 -0.0188929 -2.56065 -1.63887
-9.69793 0.0895231 -0.00921409 -2.56105 -1.63899
-9.67689 0.0935413 0.000464671 -2.56124 -1.63899
-9.65585 0.0977092 0.0101434 -2.56123 -1.63888
-9.63482 0.102031 0.0198222 -2.56102 -1.63864
-9.61378 0.106511 0.029501 -2.5606 -1.63828
-9.59274 0.111152 0.0391797 -2.55998 -1.63781
-9.57171 0.11596 0.0488585 -2.55916 -1.63721
-9.55067 0.120938 0.0585373 -2.55813 -1.63649
-9.52963 0.12609 0.068216 -2.5569 -1.63564
-9.5086 0.131421 0.0778835 -2.55546 -1.63467
-9.48756 0.136934 0.0875509 -2.55383 -1.63358
-9.46652 0.142634 0.0972183 -2.55198 -1.63236
-9.44549 0.148524 0.106886 -2.54994 -1.63101
-9.42445 0.15461 0.116553 -2.54769 -1.62954
-9.40341 0.160894 0.126209 -2.54524 -1.62793
-9.38238 0.167382 0.135865 -2.54258 -1.6262
-9.36134 0.174077 0.145522 -2.53973 -1.62433
-9.3403 0.180983 0.155166 -2.53666 -1.62232
-9.31927 0.188104 0.164811 -2.5334 -1.62019
-9.29823 0.195445 0.174456 -2.52993 -1.61791
-9.27719 0.203008 0.184089 -2.52626 -1.61549
-9.25616 0.210799 0.193723 -2.52239 -1.61294
-9.23512 0.218819 0.203356 -2.51831 -1.61024
-9.21408 0.227074 0.212978 -2.51404 -1.6074
-9.19305 0.235567 0.2226 -2.50956 -1.6044
-9.17201 0.244301 0.232211 -2.50487 -1.60126
-9.15097 0.25328 0.241811 -2.49999 -1.59797
-9.12994 0.262507 0.25141 -2.4949 -1.59453
-9.1089 0.271985 0.260998 -2.48961 -1.59092
-9.08786 0.281717 0.270586 -2.48412 -1.58716
-9.06682 0.291706 0.280163 -2.47843 -1.58324
-9.04579 0.301955 0.289728 -2.47254 -1.57915
-9.02475 0.312466 0.299282 -2.46644 -1.5749
-9.00371 0.323243 0.308825 -2.46015 -1.57047
-8.98268 0.334286 0.318368 -2.45365 -1.56587
-8.96164 0.345599 0.327899 -2.44695 -1.56109
-8.9406 0.357183 0.337419 -2.44005 -1.55614
-8.91957 0.369039 0.346928 -2.43296 -1.55099
-8.89853 0.381171 0.356426 -2.42566 -1.54566
-8.87749 0.393577 0.3659 -2.41816 -1.54014
-8.85646 0.406261 0.375364 -2.41046 -1.53443
-8.83542 0.419223 0.384816 -2.40257 -1.52851
-8.81438 0.432463 0.394245 -2.39447 -1.52239
-8.79335 0.445982 0.403664 -2.38618 -1.51606
-8.77231 0.459779 0.41307 -2.37768 -1.50952
-8.75127 0.473856 0.422454 -2.36899 -1.50276
-8.73024 0.48821 0.431816 -2.36011 -1.49578
-8.7092 0.502843 0.441166 -2.35102 -1.48858
-8.68816 0.517752 0.450493 -2.34174 -1.48114
-8.66713 0.532937 0.459798 -2.33227 -1.47347
-8.64609 0.548395 0.46908 -2.32259 -1.46556
-8.62505 0.564126 0.47834 -2.31273 -1.4574
-8.60402 0.580127 0.487565 -2.30266 -1.44899
-8.58298 0.596395 0.496768 -2.29241 -1.44032
-8.56194 0.612927 0.505948 -2.28196 -1.4314
-8.54091 0.629722 0.515094 -2.27131 -1.4222
-8.51987 0.646773 0.524206 -2.26048 -1.41274
-8.49883 0.66408 0.533284 -2.24945 -1.40299
-8.4778 0.681637 0.542328 -2.23823 -1.39297
-8.45676 0.699438 0.551338 -2.22682 -1.38266
-8.43572 0.717481 0.560314 -2.21522 -1.37205
-8.41469 0.735759 0.569257 -2.20344 -1.36114
-8.39365 0.754267 0.578153 -2.19146 -1.34993
-8.37261 0.772999 0.587005 -2.1793 -1.33841
-8.35158 0.791948 0.595822 -2.16695 -1.32657
-8.33054 0.811109 0.604583 -2.15442 -1.31442
-8.3095 0.830473 0.613298 -2.1417 -1.30194
-8.28847 0.850035 0.621968 -2.1288 -1.28912
-8.26743 0.869786 0.630582 -2.11571 -1.27597
-8.24639 0.889716 0.639139 -2.10245 -1.26248
-8.22536 0.90982 0.647639 -2.089 -1.24865
-8.20432 0.930086 0.656082 -2.07538 -1.23446
-8.18328 0.950508 0.664469 -2.06157 -1.21992
-8.16225 0.971074 0.672788 -2.0476 -1.20502
-8.14121 0.991775 0.681038 -2.03344 -1.18976
-8.12017 1.0126 0.689221 -2.01912 -1.17414
-8.09914 1.03354 0.69733 -2.00462 -1.15814
-8.0781 1.05458 0.70536 -1.98995 -1.14177
-8.05706 1.07572 0.713316 -1.97511 -1.12502
-8.03603 1.09694 0.721187 -1.9601 -1.10789
-8.01499 1.11822 0.728979 -1.94493 -1.09038
-7.99395 1.13957 0.73668 -1.9296 -1.07249
-7.97292 1.16095 0.74429 -1.9141 -1.05421
-7.95188 1.18237 0.751804 -1.89844 -1.03555
-7.93084 1.20381 0.759222 -1.88263 -1.0165
-7.90981 1.22525 0.766538 -1.86665 -0.997062
-7.88877 1.24669 0.773752 -1.85053 -0.977237
-7.86773 1.2681 0.780858 -1.83425 -0.957025
-7.84669 1.28948 0.78785 -1.81783 -0.936427
-7.82566 1.31081 0.794724 -1.80125 -0.915445
-7.80462 1.33208 0.801479 -1.78453 -0.89408
-7.78359 1.35327 0.808109 -1.76767 -0.872336
-7.76255 1.37436 0.814609 -1.75067 -0.850215
-7.74151 1.39535 0.820978 -1.73354 -0.827721
-7.72048 1.41622 0.827212 -1.71627 -0.804859
-7.69944 1.43695 0.833303 -1.69886 -0.781633
-7.6784 1.45753 0.839253 -1.68133 -0.758049
-7.65736 1.47794 0.84505 -1.66368 -0.734114
-7.63633 1.49816 0.850694 -1.6459 -0.709833
-7.61529 1.5182 0.85618 -1.62801 -0.685215
-7.59425 1.53801 0.861501 -1.60999 -0.660267
-7.57322 1.5576 0.866658 -1.59187 -0.635
-7.55218 1.57695 0.871639 -1.57364 -0.609421
-7.53115 1.59603 0.876444 -1.5553 -0.583541
-7.51011 1.61485 0.881068 -1.53687 -0.557371
-7.48907 1.63337 0.885505 -1.51833 -0.530924
-7.46803 1.65159 0.88975 -1.4997 -0.50421
-7.447 1.6695 0.893796 -1.48099 -0.477244
-7.42596 1.68707 0.897643 -1.46218 -0.450039
-7.40492 1.70429 0.901281 -1.4433 -0.422608
-7.38389 1.72115 0.90471 -1.42434 -0.394968
-7.36285 1.73763 0.907923 -1.40531 -0.367135
-7.34181 1.75372 0.910915 -1.38621 -0.339124
-7.32078 1.76941 0.91368 -1.36705 -0.310954
-7.29974 1.78468 0.916213 -1.34782 -0.282641
-7.2787 1.79952 0.918508 -1.32855 -0.254205
-7.25767 1.81392 0.920565 -1.30923 -0.225665
-7.23663 1.82786 0.922373 -1.28986 -0.197039
-7.21559 1.84133 0.923931 -1.27046 -0.168351
-7.19456 1.85433 0.925235 -1.25102 -0.139618
-7.17352 1.86683 0.926277 -1.23156 -0.110865
-7.15248 1.87883 0.927059 -1.21207 -0.0821121
-7.13145 1.89031 0.927569 -1.19257 -0.0533824
-7.11041 1.90127 0.927807 -1.17306 -0.0246999
-7.08937 1.9117 0.927768 -1.15354 0.00391293
-7.06834 1.92158 0.92745 -1.13402 0.0324312
-7.0473 1.93091 0.926844 -1.11451 0.0608302
-7.02626 1.93968 0.925949 -1.09501 0.0890858
-7.00523 1.94788 0.924759 -1.07553 0.117172
-6.98419 1.9555 0.923274 -1.05608 0.145063
-6.96315 1.96254 0.921489 -1.03666 0.172734
-6.94212 1.96899 0.919401 -1.01727 0.200157
-6.92108 1.97485 0.917009 -0.997932 0.227308
-6.90004 1.9801 0.914306 -0.978641 0.254158
-6.87901 1.98475 0.911292 -0.959407 0.280682
-6.85797 1.98878 0.907965 -0.940236 0.306853
-6.83693 1.9922 0.904321 -0.921136 0.332644
-6.8159 1.99501 0.90036 -0.902112 0.358029
-6.79486 1.99719 0.896082 -0.883171 0.38298
-6.77382 1.99875 0.891484 -0.86432 0.407471
-6.75279 1.99969 0.886565 -0.845567 0.431476
-6.73175 2 0.881326 -0.826916 0.454968
-6.71071 1.99969 0.875767 -0.808376 0.477922
-6.68968 1.99875 0.869888 -0.789953 0.500313
-6.66864 1.99719 0.863688 -0.771653 0.522114
-6.6476 1.99501 0.857172 -0.753484 0.543303
-6.62657 1.9922 0.850337 -0.735452 0.563853
-6.60553 1.98878 0.843189 -0.717564 0.583742
-6.58449 1.98475 0.835726 -0.699826 0.602947
-6.56346 1.9801 0.827954 -0.682245 0.621446
-6.54242 1.97485 0.819876 -0.664827 0.639217
-6.52138 1.96899 0.811498 -0.64758 0.65624
-6.50035 1.96254 0.802822 -0.630508 0.672494
-6.47931 1.9555 0.793854 -0.61362 0.687963
-6.45827 1.94788 0.784598 -0.59692 0.702627
-6.43724 1.93968 0.775061 -0.580414 0.716471
-6.4162 1.93091 0.765249 -0.56411 0.729479
-6.39516 1.92158 0.75517 -0.548011 0.741637
-6.37413 1.9117 0.744832 -0.532125 0.752933
-6.35309 1.90127 0.734243 -0.516456 0.763355
-6.33205 1.89031 0.723411 -0.50101 0.772894
-6.31102 1.87883 0.712346 -0.485792 0.781539
-6.28998 1.86683 0.701056 -0.470806 0.789287
-6.26894 1.85433 0.689554 -0.456059 0.79613
-6.2479 1.84133 0.677849 -0.441553 0.802066
-6.22687 1.82786 0.665954 -0.427293 0.807093
-6.20583 1.81392 0.653879 -0.413283 0.81121
-6.18479 1.79952 0.641638 -0.399528 0.81442
-6.16376 1.78468 0.629242 -0.38603 0.816727
-6.14272 1.76941 0.616704 -0.372793 0.818134
-6.12169 1.75372 0.604039 -0.359819 0.818651
-6.10065 1.73763 0.59126 -0.347112 0.818286
-6.07961 1.72115 0.578383 -0.334674 0.81705
-6.05857 1.70429 0.56542 -0.322507 0.814957
-6.03754 1.68707 0.552387 -0.310612 0.81202
-6.0165 1.6695 0.539297 -0.298992 0.808257
-5.99546 1.65159 0.526167 -0.287647 0.803686
-5.97443 1.63337 0.513011 -0.276578 0.798327
-5.95339 1.61485 0.499845 -0.265786 0.792204
-5.93235 1.59603 0.486684 -0.255271 0.785337
-5.91132 1.57695 0.473543 -0.245033 0.777754
-5.89028 1.5576 0.460436 -0.235071 0.769479
-5.86924 1.53801 0.447379 -0.225385 0.760542
-5.84821 1.5182 0.434387 -0.215973 0.750973
-5.82717 1.49816 0.421474 -0.206835 0.740799
-5.80613 1.47794 0.408654 -0.197969 0.730056
-5.7851 1.45753 0.39594 -0.189372 0.718773
-5.76406 1.43695 0.383348 -0.181043 0.706986
-5.74302 1.41622 0.370888 -0.172979 0.694727
-5.72199 1.39535 0.358574 -0.165176 0.682031
-5.70095 1.37436 0.346418 -0.157633 0.668935
-5.67991 1.35327 0.334432 -0.150346 0.655472
-5.65888 1.33208 0.322625 -0.14331 0.64168
-5.63784 1.31081 0.311008 -0.136523 0.627591
-5.6168 1.28948 0.299591 -0.129981 0.613244
-5.59577 1.2681 0.288383 -0.123678 0.598674
-5.57473 1.24669 0.277392 -0.117612 0.583913
-5.55369 1.22525 0.266626 -0.111776 0.568999
-5.53266 1.20381 0.256091 -0.106167 0.553963
-5.51162 1.18237 0.245793 -0.10078 0.538838
-5.49058 1.16095 0.235738 -0.0956092 0.523659
-5.46955 1.13957 0.225931 -0.0906501 0.508455
-5.44851 1.11822 0.216375 -0.0858972 0.493256
-5.42747 1.09694 0.207075 -0.0813454 0.478092
-5.40644 1.07572 0.198031 -0.0769892 0.462989
-5.3854 1.05458 0.189247 -0.0728233 0.447977
-5.36436 1.03354 0.180723 -0.0688422 0.433078
-5.34333 1.0126 0.17246 -0.0650403 0.418318
-5.32229 0.991775 0.164459 -0.0614123 0.403717
-5.30125 0.971073 0.156718 -0.0579527 0.389299
-5.28022 0.950508 0.149236 -0.0546558 0.375083
-5.25918 0.930086 0.142012 -0.0515164 0.361085
-5.23814 0.90982 0.135044 -0.0485289 0.347324
-5.21711 0.889716 0.128328 -0.0456881 0.333814
-5.19607 0.869785 0.121863 -0.0429884 0.320569
-5.17503 0.850035 0.115643 -0.0404249 0.307603
-5.154 0.830473 0.109666 -0.0379921 0.294924
-5.13296 0.811109 0.103927 -0.0356851 0.282545
-5.11192 0.791948 0.0984215 -0.0334988 0.270471
-5.09089 0.772998 0.0931449 -0.0314284 0.25871
-5.06985 0.754267 0.0880922 -0.0294689 0.247269
-5.04881 0.735759 0.0832578 -0.0276157 0.236152
-5.02777 0.71748 0.0786365 -0.0258643 0.225361
-5.00674 0.699438 0.0742226 -0.02421 0.214901
-4.9857 0.681637 0.0700103 -0.0226486 0.204771
-4.96466 0.664079 0.0659937 -0.0211758 0.194972
-4.94363 0.646773 0.0621671 -0.0197875 0.185504
-4.92259 0.629722 0.0585243 -0.0184797 0.176365
-4.90156 0.612928 0.0550592 -0.0172486 0.167553
-4.88052 0.596394 0.051766 -0.0160903 0.159064
-4.85948 0.580127 0.0486386 -0.0150013 0.150896
-4.83845 0.564126 0.0456709 -0.0139781 0.143044
-4.81741 0.548395 0.042857 -0.0130174 0.135502
-4.79637 0.532937 0.040191 -0.0121158 0.128267
-4.77534 0.517752 0.037667 -0.0112703 0.121332
-4.7543 0.502842 0.0352793 -0.0104779 0.114691
-4.73326 0.48821 0.0330223 -0.00973574 0.108337
-4.71222 0.473856 0.0308902 -0.00904106 0.102263
-4.69119 0.45978 0.0288779 -0.00839124 0.0964628
-4.67015 0.445981 0.0269798 -0.00778374 0.0909278
-4.64911 0.432463 0.0251909 -0.00721617 0.0856518
-4.62808 0.419223 0.023506 -0.00668624 0.0806263
-4.60704 0.406261 0.0219203 -0.00619175 0.0758433
-4.586 0.393577 0.0204291 -0.00573062 0.0712959
-4.56497 0.381171 0.0190275 -0.00530086 0.0669756
-4.54393 0.369039 0.0177113 -0.00490058 0.062874
-4.52289 0.357182 0.0164761 -0.00452799 0.0589842
-4.50186 0.345599 0.0153177 -0.00418139 0.0552978
-4.48082 0.334286 0.014232 -0.00385916 0.0518071
-4.45978 0.323242 0.0132153 -0.00355976 0.048504
-4.43875 0.312466 0.0122637 -0.00328176 0.0453815
-4.41771 0.301955 0.0113738 -0.00302377 0.0424318
-4.39667 0.291706 0.010542 -0.0027845 0.0396473
-4.37564 0.281717 0.00976522 -0.00256273 0.0370213
-4.3546 0.271985 0.00904019 -0.00235731 0.0345464
-4.33356 0.262507 0.00836394 -0.00216713 0.0322158
-4.31253 0.25328 0.00773362 -0.00199118 0.0300224
-4.29149 0.244301 0.0071465 -0.00182849 0.0279603
-4.27045 0.235568 0.00659999 -0.00167815 0.0260228
-4.24942 0.227074 0.0060916 -0.00153931 0.0242036
-4.22838 0.218819 0.00561901 -0.00141116 0.022497
-4.20734 0.210799 0.00517996 -0.00129296 0.0208972
-4.18631 0.203008 0.00477237 -0.00118399 0.0193984
-4.16527 0.195445 0.00439421 -0.00108359 0.0179956
-4.14423 0.188104 0.00404359 -0.000991151 0.0166834
-4.1232 0.180983 0.00371872 -0.000906088 0.015457
-4.10216 0.174077 0.00341791 -0.000827858 0.0143113
-4.08112 0.167382 0.00313955 -0.000755956 0.0132421
-4.06009 0.160894 0.00288213 -0.000689911 0.0122449
-4.03905 0.154609 0.00264424 -0.00062928 0.0113154
-4.01801 0.148524 0.00242454 -0.000573654 0.0104499
-3.99698 0.142634 0.00222176 -0.000522649 0.00964434
-3.97594 0.136933 0.00203472 -0.000475911 0.00889512
-3.9549 0.131421 0.00186232 -0.000433107 0.00819892
-3.93387 0.12609 0.0017035 -0.00039393 0.00755238
-3.91283 0.120938 0.0015573 -0.000358094 0.00695237
-3.89179 0.11596 0.0014228 -0.000325333 0.0063959
-3.87076 0.111152 0.00129913 -0.000295402 0.00588026
-3.84972 0.106511 0.00118551 -0.000268073 0.00540273
-3.82868 0.102031 0.00108117 -0.000243134 0.00496079
-3.80765 0.0977092 0.000985432 -0.000220389 0.00455213
-3.78661 0.0935413 0.000897632 -0.000199659 0.00417448
-3.76557 0.0895229 0.000817166 -0.000180776 0.00382569
-3.74454 0.0856507 0.000743469 -0.000163585 0.00350385
-3.7235 0.0819203 0.000676014 -0.000147945 0.00320704
-3.70246 0.078328 0.00061431 -0.000133724 0.00293351
-3.68143 0.0748694 0.000557905 -0.000120801 0.00268158
-3.66039 0.0715415 0.000506376 -0.000109065 0.00244976
-3.63935 0.0683402 0.000459331 -9.84121e-05 0.00223655
-3.61831 0.0652614 0.000416408 -8.87493e-05 0.00204059
-3.59728 0.0623022 0.000377269 -7.99895e-05 0.00186064
-3.57624 0.0594585 0.000341605 -7.2053e-05 0.00169548
-3.5552 0.0567267 0.000309126 -6.48667e-05 0.00154399
-3.53417 0.0541037 0.000279568 -5.83637e-05 0.00140516
-3.51313 0.0515858 0.000252685 -5.24825e-05 0.001278
-3.4921 0.0491698 0.000228249 -4.71669e-05 0.00116161
-3.47106 0.0468521 0.000206054 -4.23653e-05 0.00105515
-3.45002 0.0446298 0.000185904 -3.80306e-05 0.000957844
-3.42899 0.0424997 0.000167625 -3.41197e-05 0.000868963
-3.40795 0.0404585 0.000151052 -3.05935e-05 0.000787826
-3.38691 0.0385034 0.000136036 -2.74158e-05 0.000713819
-3.36588 0.0366313 0.000122439 -2.45541e-05 0.000646356
-3.34484 0.0348394 0.000110135 -2.19783e-05 0.0005849
-3.3238 0.0331246 9.9008e-05 -1.96615e-05 0.000528948
-3.30276 0.0314846 8.89516e-05 -1.75787e-05 0.000478051
-3.28173 0.0299163 7.98685e-05 -1.57074e-05 0.000431779
-3.26069 0.0284172 7.16699e-05 -1.40272e-05 0.000389736
-3.23965 0.0269849 6.42741e-05 -1.25195e-05 0.000351568
-3.21862 0.0256168 5.76068e-05 -1.11674e-05 0.000316939
-3.19758 0.0243103 5.16001e-05 -9.95557e-06 0.000285537
-3.17654 0.0230634 4.61919e-05 -8.87007e-06 0.000257087
-3.15551 0.0218736 4.13255e-05 -7.89835e-06 0.000231326
-3.13447 0.0207386 3.69496e-05 -7.02899e-06 0.000208015
-3.11343 0.0196564 3.30172e-05 -6.2517e-06 0.000186934
-3.0924 0.0186249 2.94854e-05 -5.55712e-06 0.000167885
-3.07136 0.0176419 2.63156e-05 -4.93685e-06 0.000150681
-3.05032 0.0167056 2.34724e-05 -4.38325e-06 0.000135155
-3.02929 0.0158141 2.09238e-05 -3.88947e-06 0.000121153
-3.00825 0.0149655 1.86406e-05 -3.4493e-06 0.000108534
-2.98721 0.0141579 1.65965e-05 -3.05717e-06 9.71661e-05
-2.96618 0.0133898 1.47677e-05 -2.70803e-06 8.69355e-05
-2.94514 0.0126594 1.31324e-05 -2.39737e-06 7.77332e-05
-2.9241 0.0119652 1.16712e-05 -2.1211e-06 6.94612e-05
-2.90307 0.0113054 1.03663e-05 -1.87558e-06 6.20298e-05
-2.88203 0.0106787 9.20172e-06 -1.65751e-06 5.53592e-05
-2.86099 0.0100835 8.16304e-06 -1.46393e-06 4.93749e-05
-2.83996 0.00951857 7.23723e-06 -1.29221e-06 4.40093e-05
-2.81892 0.00898249 6.41253e-06 -1.13996e-06 3.92026e-05
-2.79788 0.00847396 5.67837e-06 -1.00506e-06 3.48989e-05
-2.77685 0.00799167 5.02523e-06 -8.8561e-07 3.10478e-05
-2.75581 0.00753453 4.44452e-06 -7.79895e-07 2.76046e-05
-2.73477 0.0071013 3.92854e-06 -6.86397e-07 2.45278e-05
-2.71374 0.0066909 3.47035e-06 -6.03754e-07 2.17803e-05
-2.6927 0.00630222 3.06375e-06 -5.30749e-07 1.93282e-05
-2.67166 0.00593428 2.70314e-06 -4.66298e-07 1.71416e-05
-2.65063 0.00558609 2.38354e-06 -4.09432e-07 1.51928e-05
-2.62959 0.00525665 2.10045e-06 -3.59291e-07 1.34569e-05
-2.60855 0.00494513 1.84986e-06 -3.15104e-07 1.1912e-05
-2.58752 0.00465061 1.62818e-06 -2.76189e-07 1.05379e-05
-2.56648 0.00437224 1.43219e-06 -2.41938e-07 9.31629e-06
-2.54544 0.00410927 1.25904e-06 -2.11809e-07 8.23124e-06
-2.52441 0.00386091 1.10614e-06 -1.85323e-07 7.268e-06
-2.50337 0.00362643 9.71222e-07 -1.62054e-07 6.41345e-06
-2.48233 0.00340511 8.52244e-07 -1.41622e-07 5.65575e-06
-2.4613 0.00319631 7.47387e-07 -1.23694e-07 4.9845e-06
-2.44026 0.00299938 6.55033e-07 -1.07971e-07 4.39016e-06
-2.41922 0.00281368 5.73742e-07 -9.41915e-08 3.86421e-06
-2.39819 0.00263868 5.02235e-07 -8.21219e-08 3.39918e-06
-2.37715 0.00247378 4.39372e-07 -7.15565e-08 2.98824e-06
-2.35611 0.00231847 3.84144e-07 -6.23135e-08 2.62533e-06
-2.33508 0.00217221 3.35653e-07 -5.42324e-08 2.30502e-06
-2.31404 0.00203456 2.93106e-07 -4.71714e-08 2.02254e-06
-2.293 0.00190503 2.55796e-07 -4.10054e-08 1.77357e-06
-2.27197 0.00178318 2.23099e-07 -3.56243e-08 1.55425e-06
-2.25093 0.00166862 1.94464e-07 -3.0931e-08 1.36121e-06
-2.22989 0.00156093 1.69401e-07 -2.68401e-08 1.19141e-06
-2.20885 0.00145972 1.47478e-07 -2.32765e-08 1.04211e-06
-2.18782 0.00136466 1.28314e-07 -2.0174e-08 9.10969e-07
-2.16678 0.00127538 1.11573e-07 -1.74747e-08 7.95828e-07
-2.14575 0.00119158 9.69562e-08 -1.51276e-08 6.94805e-07
-2.12471 0.00111293 8.42034e-08 -1.3088e-08 6.06218e-07
-2.10367 0.00103915 7.30834e-08 -1.13166e-08 5.286e-07
-2.08264 0.000969959 6.33932e-08 -9.77917e-09 4.60632e-07
-2.0616 0.000905087 5.49545e-08 -8.44558e-09 4.01146e-07
-2.04056 0.000844295 4.761e-08 -7.28952e-09 3.49127e-07
-2.01953 0.00078734 4.12219e-08 -6.28796e-09 3.03664e-07
-1.99849 0.000733993 3.56692e-08 -5.42079e-09 2.63952e-07
-1.97745 0.000684051 3.08456e-08 -4.67042e-09 2.29292e-07
-1.95642 0.000637308 2.66581e-08 -4.02153e-09 1.99059e-07
-1.93538 0.000593574 2.3025e-08 -3.46073e-09 1.72704e-07
-1.91434 0.000552664 1.98749e-08 -2.97636e-09 1.49742e-07
-1.8933 0.000514417 1.71453e-08 -2.55826e-09 1.29754e-07
-1.87227 0.000478667 1.47815e-08 -2.19758e-09 1.12363e-07
-1.85123 0.000445259 1.27359e-08 -1.88663e-09 9.72409e-08
-1.83019 0.000414056 1.09667e-08 -1.6187e-09 8.41027e-08
-1.80916 0.00038492 9.43743e-09 -1.388e-09 7.26936e-08
-1.78812 0.00035772 8.11649e-09 -1.18947e-09 6.27922e-08
-1.76708 0.00033234 6.97617e-09 -1.01873e-09 5.42061e-08
-1.74605 0.000308664 5.9924e-09 -8.71969e-10 4.67648e-08
-1.72501 0.000286585 5.1442e-09 -7.45909e-10 4.03197e-08
-1.70397 0.000266001 4.41337e-09 -6.37692e-10 3.47407e-08
-1.68294 0.00024682 3.78406e-09 -5.44849e-10 2.99152e-08
-1.6619 0.00022895 3.24249e-09 -4.65245e-10 2.57438e-08
-1.64086 0.000212306 2.77674e-09 -3.97033e-10 2.214e-08
-1.61983 0.000196813 2.37643e-09 -3.3862e-10 1.9029e-08
-1.59879 0.000182392 2.03259e-09 -2.88628e-10 1.63448e-08
-1.57775 0.000168975 1.73744e-09 -2.45869e-10 1.40304e-08
-1.55672 0.000156496 1.48423e-09 -2.09319e-10 1.20362e-08
-1.53568 0.000144894 1.26715e-09 -1.78095e-10 1.03191e-08
-1.51464 0.00013411 1.08116e-09 -1.51439e-10 8.84133e-09
-1.49361 0.000124089 9.21905e-10 -1.28695e-10 7.57037e-09
-1.47257 0.000114782 7.85626e-10 -1.09301e-10 6.47815e-09
-1.45153 0.000106139 6.69082e-10 -9.27737e-11 5.54002e-09
-1.4305 9.81165e-05 5.69479e-10 -7.86984e-11 4.73472e-09
-1.40946 9.06723e-05 4.84406e-10 -6.67184e-11 4.04401e-09
-1.38842 8.37667e-05 4.1179e-10 -5.65281e-11 3.4519e-09
-1.36739 7.73627e-05 3.49844e-10 -4.78654e-11 2.94463e-09
-1.34635 7.14256e-05 2.97036e-10 -4.05058e-11 2.51031e-09
-1.32531 6.59241e-05 2.52044e-10 -3.42572e-11 2.13873e-09
-1.30428 6.08272e-05 2.13735e-10 -2.8955e-11 1.82102e-09
-1.28324 5.61064e-05 1.81139e-10 -2.44587e-11 1.5495e-09
-1.2622 5.17362e-05 1.5342e-10 -2.06482e-11 1.31767e-09
-1.24117 4.76915e-05 1.29862e-10 -1.74207e-11 1.11982e-09
-1.22013 4.3949e-05 1.09855e-10 -1.46888e-11 9.5107e-10
-1.19909 4.04878e-05 9.28729e-11 -1.23779e-11 8.07253e-10
-1.17806 3.72875e-05 7.84678e-11 -1.04241e-11 6.84756e-10
-1.15702 3.43295e-05 6.62563e-11 -8.77341e-12 5.80485e-10
-1.13598 3.1596e-05 5.5911e-11 -7.3796e-12 4.91775e-10
-1.11495 2.90714e-05 4.7152e-11 -6.20341e-12 4.16368e-10
-1.09391 2.674e-05 3.97406e-11 -5.21149e-12 3.52303e-10
-1.07287 2.45878e-05 3.34737e-11 -4.37548e-12 2.97905e-10
-1.05184 2.26019e-05 2.81777e-11 -3.6713e-12 2.51751e-10
-1.0308 2.07699e-05 2.37049e-11 -3.07853e-12 2.12616e-10
-1.00976 1.90803e-05 1.99299e-11 -2.57986e-12 1.79449e-10
-0.988726 1.75228e-05 1.67457e-11 -2.1606e-12 1.51363e-10
-0.96769 1.60874e-05 1.40616e-11 -1.80832e-12 1.27594e-10
-0.946653 1.47649e-05 1.18004e-11 -1.51252e-12 1.07489e-10
-0.925615 1.35469e-05 9.89665e-12 -1.26427e-12 9.04949e-11
-0.904579 1.24255e-05 8.2949e-12 -1.05608e-12 7.61408e-11
-0.883543 1.13934e-05 6.94805e-12 -8.81584e-13 6.40237e-11
-0.862505 1.04437e-05 5.81627e-12 -7.3542e-13 5.38001e-11
-0.841469 9.57024e-06 4.8658e-12 -6.13064e-13 4.51817e-11
-0.820433 8.76709e-06 4.06808e-12 -5.10704e-13 3.79202e-11
-0.799395 8.02875e-06 3.399e-12 -4.25125e-13 3.18052e-11
-0.778358 7.35038e-06 2.83816e-12 -3.53621e-13 2.66603e-11
-0.757322 6.72721e-06 2.36833e-12 -2.93916e-13 2.23337e-11
-0.736286 6.15495e-06 1.97499e-12 -2.44094e-13 1.86977e-11
-0.715248 5.62956e-06 1.6459e-12 -2.02546e-13 1.56435e-11
-0.694212 5.14746e-06 1.37074e-12 -1.67922e-13 1.30803e-11
-0.673176 4.70517e-06 1.1408e-12 -1.39086e-13 1.09303e-11
-0.652138 4.29951e-06 9.4878e-13 -1.15088e-13 9.12781e-12
-0.631102 3.92762e-06 7.88522e-13 -9.51283e-14 7.61802e-12
-0.610065 3.58678e-06 6.54856e-13 -7.85404e-14 6.35392e-12
-0.589027 3.27447e-06 5.43442e-13 -6.47644e-14 5.29621e-12
-0.567991 2.98844e-06 4.50625e-13 -5.33322e-14 4.41214e-12
-0.546955 2.72654e-06 3.73351e-13 -4.38525e-14 3.67328e-12
-0.525919 2.48682e-06 3.09058e-13 -3.59984e-14 3.05622e-12
-0.504881 2.26745e-06 2.556e-13 -2.94969e-14 2.54119e-12
-0.483845 2.0668e-06 2.11178e-13 -2.41199e-14 2.11164e-12
-0.462809 1.88332e-06 1.74285e-13 -1.96774e-14 1.75371e-12
-0.441771 1.71558e-06 1.43664e-13 -1.6011e-14 1.45561e-12
-0.420734 1.5623e-06 1.18263e-13 -1.29888e-14 1.20748e-12
-0.399698 1.42227e-06 9.72054e-14 -1.05009e-14 1.00098e-12
-0.378662 1.29439e-06 7.97589e-14 -8.45604e-15 8.29337e-13
-0.357624 1.17763e-06 6.53158e-14 -6.77818e-15 6.86562e-13
-0.336588 1.07107e-06 5.33602e-14 -5.40415e-15 5.68323e-13
-0.315552 9.73854e-07 4.34738e-14 -4.28163e-15 4.69957e-13
-0.294514 8.85177e-07 3.53018e-14 -3.36708e-15 3.88467e-13
-0.273478 8.04328e-07 2.8552e-14 -2.62445e-15 3.20854e-13
-0.252441 7.30637e-07 2.29794e-14 -2.0238e-15 2.64899e-13
-0.231403 6.63483e-07 1.83807e-14 -1.54039e-15 2.18603e-13
-0.210367 6.0232e-07 1.45878e-14 -1.15372e-15 1.803e-13
-0.189331 5.46623e-07 1.14629e-14 -8.46842e-16 1.48548e-13
-0.168295 4.95922e-07 8.88908e-15 -6.05702e-16 1.22347e-13
-0.147257 4.49779e-07 6.77074e-15 -4.18705e-16 1.00697e-13
-0.126221 4.07806e-07 5.02609e-15 -2.7627e-16 8.29337e-14
-0.105185 3.69634e-07 3.5944e-15 -1.70538e-16 6.80567e-14
-0.0841465 3.34927e-07 2.41495e-15 -9.49234e-17 5.60663e-14
-0.0631104 3.03386e-07 1.4457e-15 -4.41207e-17 4.60743e-14
-0.0420742 2.74731e-07 6.51617e-16 -1.37079e-17 3.77476e-14
-0.0210361 2.48702e-07 -0 -0 3.09752e-14
