-5e-06 -4.52328e+10
-4.99e-06 -4.53235e+10
-4.98e-06 -4.54145e+10
-4.97e-06 -4.55059e+10
-4.96e-06 -4.55976e+10
-4.95e-06 -4.56897e+10
-4.94e-06 -4.57822e+10
-4.93e-06 -4.58751e+10
-4.92e-06 -4.59683e+10
-4.91e-06 -4.60619e+10
-4.9e-06 -4.61559e+10
-4.89e-06 -4.62503e+10
-4.88e-06 -4.63451e+10
-4.87e-06 -4.64403e+10
-4.86e-06 -4.65358e+10
-4.85e-06 -4.66318e+10
-4.84e-06 -4.67281e+10
-4.83e-06 -4.68249e+10
-4.82e-06 -4.6922e+10
-4.81e-06 -4.70196e+10
-4.8e-06 -4.71175e+10
-4.79e-06 -4.72159e+10
-4.78e-06 -4.73147e+10
-4.77e-06 -4.74138e+10
-4.76e-06 -4.75135e+10
-4.75e-06 -4.76135e+10
-4.74e-06 -4.77139e+10
-4.73e-06 -4.78148e+10
-4.72e-06 -4.79161e+10
-4.71e-06 -4.80178e+10
-4.7e-06 -4.812e+10
-4.69e-06 -4.82226e+10
-4.68e-06 -4.83256e+10
-4.67e-06 -4.84291e+10
-4.66e-06 -4.8533e+10
-4.65e-06 -4.86374e+10
-4.64e-06 -4.87422e+10
-4.63e-06 -4.88475e+10
-4.62e-06 -4.89532e+10
-4.61e-06 -4.90594e+10
-4.6e-06 -4.91661e+10
-4.59e-06 -4.92732e+10
-4.58e-06 -4.93808e+10
-4.57e-06 -4.94888e+10
-4.56e-06 -4.95973e+10
-4.55e-06 -4.97064e+10
-4.54e-06 -4.98158e+10
-4.53e-06 -4.99258e+10
-4.52e-06 -5.00363e+10
-4.51001e-06 -5.01472e+10
-4.50001e-06 -5.02586e+10
-4.49001e-06 -5.03706e+10
-4.48001e-06 -5.0483e+10
-4.47001e-06 -5.05959e+10
-4.46001e-06 -5.07094e+10
-4.45001e-06 -5.08233e+10
-4.44001e-06 -5.09378e+10
-4.43001e-06 -5.10528e+10
-4.42001e-06 -5.11683e+10
-4.41001e-06 -5.12843e+10
-4.40001e-06 -5.14009e+10
-4.39001e-06 -5.1518e+10
-4.38001e-06 -5.16356e+10
-4.37001e-06 -5.17537e+10
-4.36001e-06 -5.18724e+10
-4.35001e-06 -5.19917e+10
-4.34001e-06 -5.21115e+10
-4.33001e-06 -5.22318e+10
-4.32001e-06 -5.23527e+10
-4.31001e-06 -5.24742e+10
-4.30001e-06 -5.25962e+10
-4.29001e-06 -5.27188e+10
-4.28001e-06 -5.2842e+10
-4.27001e-06 -5.29657e+10
-4.26001e-06 -5.30901e+10
-4.25001e-06 -5.3215e+10
-4.24001e-06 -5.33405e+10
-4.23001e-06 -5.34666e+10
-4.22001e-06 -5.35933e+10
-4.21001e-06 -5.37206e+10
-4.20001e-06 -5.38485e+10
-4.19001e-06 -5.3977e+10
-4.18001e-06 -5.41061e+10
-4.17001e-06 -5.42359e+10
-4.16001e-06 -5.43663e+10
-4.15001e-06 -5.44973e+10
-4.14001e-06 -5.46289e+10
-4.13001e-06 -5.47612e+10
-4.12001e-06 -5.48941e+10
-4.11001e-06 -5.50277e+10
-4.10001e-06 -5.51619e+10
-4.09001e-06 -5.52967e+10
-4.08001e-06 -5.54323e+10
-4.07001e-06 -5.55685e+10
-4.06001e-06 -5.57053e+10
-4.05001e-06 -5.58429e+10
-4.04001e-06 -5.59811e+10
-4.03001e-06 -5.612e+10
-4.02001e-06 -5.62596e+10
-4.01001e-06 -5.63999e+10
-4.00001e-06 -5.65409e+10
-3.99001e-06 -5.66826e+10
-3.98001e-06 -5.6825e+10
-3.97001e-06 -5.69681e+10
-3.96001e-06 -5.7112e+10
-3.95001e-06 -5.72566e+10
-3.94001e-06 -5.74019e+10
-3.93001e-06 -5.7548e+10
-3.92001e-06 -5.76948e+10
-3.91001e-06 -5.78423e+10
-3.90001e-06 -5.79906e+10
-3.89001e-06 -5.81397e+10
-3.88001e-06 -5.82896e+10
-3.87001e-06 -5.84402e+10
-3.86001e-06 -5.85916e+10
-3.85001e-06 -5.87438e+10
-3.84001e-06 -5.88967e+10
-3.83001e-06 -5.90505e+10
-3.82001e-06 -5.92051e+10
-3.81001e-06 -5.93605e+10
-3.80001e-06 -5.95167e+10
-3.79001e-06 -5.96737e+10
-3.78001e-06 -5.98316e+10
-3.77001e-06 -5.99903e+10
-3.76001e-06 -6.01498e+10
-3.75001e-06 -6.03102e+10
-3.74001e-06 -6.04715e+10
-3.73001e-06 -6.06336e+10
-3.72001e-06 -6.07966e+10
-3.71001e-06 -6.09605e+10
-3.70001e-06 -6.11252e+10
-3.69001e-06 -6.12909e+10
-3.68001e-06 -6.14574e+10
-3.67001e-06 -6.16249e+10
-3.66001e-06 -6.17932e+10
-3.65001e-06 -6.19625e+10
-3.64001e-06 -6.21328e+10
-3.63001e-06 -6.23039e+10
-3.62001e-06 -6.2476e+10
-3.61001e-06 -6.26491e+10
-3.60001e-06 -6.28231e+10
-3.59001e-06 -6.29981e+10
-3.58001e-06 -6.31741e+10
-3.57001e-06 -6.3351e+10
-3.56002e-06 -6.3529e+10
-3.55002e-06 -6.37079e+10
-3.54002e-06 -6.38879e+10
-3.53002e-06 -6.40689e+10
-3.52002e-06 -6.42509e+10
-3.51002e-06 -6.44339e+10
-3.50002e-06 -6.4618e+10
-3.49002e-06 -6.48032e+10
-3.48002e-06 -6.49894e+10
-3.47002e-06 -6.51767e+10
-3.46002e-06 -6.53651e+10
-3.45002e-06 -6.55545e+10
-3.44002e-06 -6.57451e+10
-3.43002e-06 -6.59368e+10
-3.42002e-06 -6.61295e+10
-3.41002e-06 -6.63235e+10
-3.40002e-06 -6.65185e+10
-3.39002e-06 -6.67148e+10
-3.38002e-06 -6.69121e+10
-3.37002e-06 -6.71107e+10
-3.36002e-06 -6.73104e+10
-3.35002e-06 -6.75113e+10
-3.34002e-06 -6.77135e+10
-3.33002e-06 -6.79168e+10
-3.32002e-06 -6.81214e+10
-3.31002e-06 -6.83272e+10
-3.30002e-06 -6.85342e+10
-3.29002e-06 -6.87425e+10
-3.28002e-06 -6.89521e+10
-3.27002e-06 -6.9163e+10
-3.26002e-06 -6.93751e+10
-3.25002e-06 -6.95886e+10
-3.24002e-06 -6.98034e+10
-3.23002e-06 -7.00195e+10
-3.22002e-06 -7.02369e+10
-3.21002e-06 -7.04557e+10
-3.20002e-06 -7.06759e+10
-3.19002e-06 -7.08974e+10
-3.18002e-06 -7.11204e+10
-3.17002e-06 -7.13447e+10
-3.16002e-06 -7.15705e+10
-3.15002e-06 -7.17977e+10
-3.14002e-06 -7.20263e+10
-3.13002e-06 -7.22565e+10
-3.12002e-06 -7.24881e+10
-3.11002e-06 -7.27211e+10
-3.10002e-06 -7.29557e+10
-3.09002e-06 -7.31918e+10
-3.08002e-06 -7.34294e+10
-3.07002e-06 -7.36686e+10
-3.06002e-06 -7.39094e+10
-3.05002e-06 -7.41517e+10
-3.04002e-06 -7.43956e+10
-3.03002e-06 -7.46411e+10
-3.02002e-06 -7.48883e+10
-3.01002e-06 -7.51371e+10
-3.00002e-06 -7.53875e+10
-2.99002e-06 -7.56397e+10
-2.98002e-06 -7.58935e+10
-2.97002e-06 -7.6149e+10
-2.96002e-06 -7.64063e+10
-2.95002e-06 -7.66652e+10
-2.94002e-06 -7.6926e+10
-2.93002e-06 -7.71886e+10
-2.92002e-06 -7.74529e+10
-2.91002e-06 -7.77191e+10
-2.90002e-06 -7.7987e+10
-2.89002e-06 -7.82569e+10
-2.88002e-06 -7.85286e+10
-2.87002e-06 -7.88022e+10
-2.86002e-06 -7.90778e+10
-2.85002e-06 -7.93552e+10
-2.84002e-06 -7.96346e+10
-2.83002e-06 -7.9916e+10
-2.82002e-06 -8.01994e+10
-2.81002e-06 -8.04848e+10
-2.80002e-06 -8.07722e+10
-2.79002e-06 -8.10617e+10
-2.78002e-06 -8.13533e+10
-2.77002e-06 -8.1647e+10
-2.76002e-06 -8.19428e+10
-2.75002e-06 -8.22408e+10
-2.74002e-06 -8.25409e+10
-2.73002e-06 -8.28433e+10
-2.72002e-06 -8.31478e+10
-2.71002e-06 -8.34547e+10
-2.70002e-06 -8.37637e+10
-2.69002e-06 -8.40751e+10
-2.68002e-06 -8.43888e+10
-2.67002e-06 -8.47049e+10
-2.66002e-06 -8.50233e+10
-2.65002e-06 -8.53442e+10
-2.64002e-06 -8.56674e+10
-2.63002e-06 -8.59932e+10
-2.62003e-06 -8.63214e+10
-2.61003e-06 -8.66521e+10
-2.60003e-06 -8.69854e+10
-2.59003e-06 -8.73212e+10
-2.58003e-06 -8.76597e+10
-2.57003e-06 -8.80007e+10
-2.56003e-06 -8.83445e+10
-2.55003e-06 -8.86909e+10
-2.54003e-06 -8.90401e+10
-2.53003e-06 -8.9392e+10
-2.52003e-06 -8.97468e+10
-2.51003e-06 -9.01043e+10
-2.50003e-06 -9.04647e+10
-2.49003e-06 -9.0828e+10
-2.48003e-06 -9.11942e+10
-2.47003e-06 -9.15634e+10
-2.46003e-06 -9.19356e+10
-2.45003e-06 -9.23109e+10
-2.44003e-06 -9.26892e+10
-2.43003e-06 -9.30706e+10
-2.42003e-06 -9.34552e+10
-2.41003e-06 -9.3843e+10
-2.40003e-06 -9.4234e+10
-2.39003e-06 -9.46283e+10
-2.38003e-06 -9.50258e+10
-2.37003e-06 -9.54268e+10
-2.36003e-06 -9.58311e+10
-2.35003e-06 -9.62389e+10
-2.34003e-06 -9.66502e+10
-2.33003e-06 -9.7065e+10
-2.32003e-06 -9.74834e+10
-2.31003e-06 -9.79054e+10
-2.30003e-06 -9.8331e+10
-2.29003e-06 -9.87604e+10
-2.28003e-06 -9.91936e+10
-2.27003e-06 -9.96305e+10
-2.26003e-06 -1.00071e+11
-2.25003e-06 -1.00516e+11
-2.24003e-06 -1.00965e+11
-2.23003e-06 -1.01418e+11
-2.22003e-06 -1.01874e+11
-2.21003e-06 -1.02335e+11
-2.20003e-06 -1.02801e+11
-2.19003e-06 -1.0327e+11
-2.18003e-06 -1.03744e+11
-2.17003e-06 -1.04222e+11
-2.16003e-06 -1.04704e+11
-2.15003e-06 -1.05191e+11
-2.14003e-06 -1.05683e+11
-2.13003e-06 -1.06179e+11
-2.12003e-06 -1.0668e+11
-2.11003e-06 -1.07185e+11
-2.10003e-06 -1.07696e+11
-2.09003e-06 -1.08211e+11
-2.08003e-06 -1.08731e+11
-2.07003e-06 -1.09256e+11
-2.06003e-06 -1.09787e+11
-2.05003e-06 -1.10322e+11
-2.04003e-06 -1.10863e+11
-2.03003e-06 -1.11409e+11
-2.02003e-06 -1.11961e+11
-2.01003e-06 -1.12518e+11
-2.00003e-06 -1.1308e+11
-1.99003e-06 -1.13649e+11
-1.98003e-06 -1.14222e+11
-1.97003e-06 -1.14802e+11
-1.96003e-06 -1.15388e+11
-1.95003e-06 -1.1598e+11
-1.94003e-06 -1.16578e+11
-1.93003e-06 -1.17182e+11
-1.92003e-06 -1.17792e+11
-1.91003e-06 -1.18409e+11
-1.90003e-06 -1.19032e+11
-1.89003e-06 -1.19662e+11
-1.88003e-06 -1.20298e+11
-1.87003e-06 -1.20941e+11
-1.86003e-06 -1.21592e+11
-1.85003e-06 -1.22249e+11
-1.84003e-06 -1.22913e+11
-1.83003e-06 -1.23585e+11
-1.82003e-06 -1.24264e+11
-1.81003e-06 -1.2495e+11
-1.80003e-06 -1.25644e+11
-1.79003e-06 -1.26346e+11
-1.78003e-06 -1.27056e+11
-1.77003e-06 -1.27774e+11
-1.76003e-06 -1.285e+11
-1.75003e-06 -1.29234e+11
-1.74003e-06 -1.29977e+11
-1.73003e-06 -1.30728e+11
-1.72003e-06 -1.31488e+11
-1.71003e-06 -1.32257e+11
-1.70003e-06 -1.33035e+11
-1.69003e-06 -1.33822e+11
-1.68003e-06 -1.34619e+11
-1.67003e-06 -1.35425e+11
-1.66003e-06 -1.36241e+11
-1.65003e-06 -1.37066e+11
-1.64003e-06 -1.37902e+11
-1.63003e-06 -1.38748e+11
-1.62003e-06 -1.39605e+11
-1.61003e-06 -1.40472e+11
-1.60003e-06 -1.4135e+11
-1.59003e-06 -1.42239e+11
-1.58003e-06 -1.43139e+11
-1.57003e-06 -1.44051e+11
-1.56003e-06 -1.44974e+11
-1.55003e-06 -1.45909e+11
-1.54003e-06 -1.46857e+11
-1.53003e-06 -1.47817e+11
-1.52003e-06 -1.48789e+11
-1.51003e-06 -1.49774e+11
-1.50003e-06 -1.50773e+11
-1.49003e-06 -1.51785e+11
-1.48003e-06 -1.5281e+11
-1.47003e-06 -1.5385e+11
-1.46003e-06 -1.54904e+11
-1.45003e-06 -1.55972e+11
-1.44003e-06 -1.57055e+11
-1.43003e-06 -1.58153e+11
-1.42003e-06 -1.59267e+11
-1.41003e-06 -1.60396e+11
-1.40003e-06 -1.61542e+11
-1.39003e-06 -1.62704e+11
-1.38003e-06 -1.63883e+11
-1.37003e-06 -1.65079e+11
-1.36003e-06 -1.66293e+11
-1.35003e-06 -1.67525e+11
-1.34003e-06 -1.68775e+11
-1.33003e-06 -1.70044e+11
-1.32003e-06 -1.71332e+11
-1.31003e-06 -1.7264e+11
-1.30003e-06 -1.73968e+11
-1.29003e-06 -1.75317e+11
-1.28003e-06 -1.76686e+11
-1.27003e-06 -1.78078e+11
-1.26003e-06 -1.79491e+11
-1.25003e-06 -1.80927e+11
-1.24003e-06 -1.82386e+11
-1.23003e-06 -1.83869e+11
-1.22003e-06 -1.85376e+11
-1.21003e-06 -1.86908e+11
-1.20003e-06 -1.88465e+11
-1.19003e-06 -1.90049e+11
-1.18003e-06 -1.91659e+11
-1.17003e-06 -1.93297e+11
-1.16003e-06 -1.94964e+11
-1.15003e-06 -1.96659e+11
-1.14003e-06 -1.98384e+11
-1.13003e-06 -2.0014e+11
-1.12003e-06 -2.01927e+11
-1.11003e-06 -2.03746e+11
-1.10003e-06 -2.05598e+11
-1.09003e-06 -2.07484e+11
-1.08003e-06 -2.09405e+11
-1.07003e-06 -2.11362e+11
-1.06003e-06 -2.13356e+11
-1.05003e-06 -2.15388e+11
-1.04003e-06 -2.17459e+11
-1.03003e-06 -2.1957e+11
-1.02003e-06 -2.21723e+11
-1.01003e-06 -2.23918e+11
-1.00003e-06 -2.26157e+11
-9.90032e-07 -2.28441e+11
-9.80032e-07 -2.30772e+11
-9.70032e-07 -2.33151e+11
-9.60032e-07 -2.3558e+11
-9.50032e-07 -2.3806e+11
-9.40032e-07 -2.40592e+11
-9.30032e-07 -2.43179e+11
-9.20032e-07 -2.45822e+11
-9.10032e-07 -2.48523e+11
-9.00032e-07 -2.51285e+11
-8.90032e-07 -2.54108e+11
-8.80032e-07 -2.56995e+11
-8.70032e-07 -2.59949e+11
-8.60032e-07 -2.62972e+11
-8.50032e-07 -2.66066e+11
-8.40032e-07 -2.69233e+11
-8.30032e-07 -2.72477e+11
-8.20032e-07 -2.75799e+11
-8.10032e-07 -2.79204e+11
-8.00032e-07 -2.82694e+11
-7.90032e-07 -2.86272e+11
-7.80032e-07 -2.89942e+11
-7.70032e-07 -2.93708e+11
-7.60032e-07 -2.97572e+11
-7.50032e-07 -3.01539e+11
-7.40032e-07 -3.05614e+11
-7.30032e-07 -3.098e+11
-7.20032e-07 -3.14103e+11
-7.10032e-07 -3.18527e+11
-7.00032e-07 -3.23077e+11
-6.90032e-07 -3.27759e+11
-6.80032e-07 -3.32579e+11
-6.70032e-07 -3.37543e+11
-6.60032e-07 -3.42657e+11
-6.50032e-07 -3.47928e+11
-6.40032e-07 -3.53364e+11
-6.30032e-07 -3.58973e+11
-6.20032e-07 -3.64762e+11
-6.10032e-07 -3.70742e+11
-6.00032e-07 -3.7692e+11
-5.90032e-07 -3.83309e+11
-5.80031e-07 -3.89917e+11
-5.70031e-07 -3.96757e+11
-5.60031e-07 -4.03842e+11
-5.50031e-07 -4.11184e+11
-5.40031e-07 -4.18798e+11
-5.30031e-07 -4.26699e+11
-5.20031e-07 -4.34905e+11
-5.10031e-07 -4.43432e+11
-5.00031e-07 -4.523e+11
-4.90031e-07 -4.6153e+11
-4.80031e-07 -4.71144e+11
-4.70031e-07 -4.81168e+11
-4.60031e-07 -4.91628e+11
-4.50031e-07 -5.02552e+11
-4.40031e-07 -5.13973e+11
-4.30031e-07 -5.25925e+11
-4.20031e-07 -5.38446e+11
-4.10031e-07 -5.51578e+11
-4.00031e-07 -5.65366e+11
-3.90031e-07 -5.79861e+11
-3.80031e-07 -5.9512e+11
-3.70031e-07 -6.11203e+11
-3.60031e-07 -6.28179e+11
-3.50031e-07 -6.46125e+11
-3.40031e-07 -6.65127e+11
-3.30031e-07 -6.85281e+11
-3.20031e-07 -7.06694e+11
-3.10031e-07 -7.29488e+11
-3.00031e-07 -7.53802e+11
-2.90031e-07 -7.79792e+11
-2.80031e-07 -8.07639e+11
-2.70031e-07 -8.37548e+11
-2.60031e-07 -8.69758e+11
-2.50031e-07 -9.04544e+11
-2.40031e-07 -9.42228e+11
-2.30031e-07 -9.83189e+11
-2.20031e-07 -1.02787e+12
-2.10031e-07 -1.07681e+12
-2.00031e-07 -1.13064e+12
-1.90031e-07 -1.19014e+12
-1.80031e-07 -1.25625e+12
-1.70031e-07 -1.33013e+12
-1.60031e-07 -1.41325e+12
-1.50031e-07 -1.50745e+12
-1.40031e-07 -1.6151e+12
-1.30031e-07 -1.73931e+12
-1.20031e-07 -1.88421e+12
-1.10031e-07 -2.05545e+12
-1.00031e-07 -2.26093e+12
-9.00313e-08 -2.51206e+12
-8.00313e-08 -2.82595e+12
-7.00313e-08 -3.22947e+12
-6.00313e-08 -3.76744e+12
-5.00313e-08 -4.52045e+12
-4.00313e-08 -3.62146e+12
-3.00313e-08 -2.7168e+12
-2.00313e-08 -1.81214e+12
-1.00313e-08 -9.07488e+11
-3.1294e-11 -2.83103e+09
9.96871e-09 9.01826e+11
1.99687e-08 1.80648e+12
2.99687e-08 2.71114e+12
3.99687e-08 3.6158e+12
4.99687e-08 4.52045e+12
5.99687e-08 3.77137e+12
6.99687e-08 3.23236e+12
7.99687e-08 2.82816e+12
8.99687e-08 2.51381e+12
9.99687e-08 2.26235e+12
1.09969e-07 2.05662e+12
1.19969e-07 1.88519e+12
1.29969e-07 1.74014e+12
1.39969e-07 1.61582e+12
1.49969e-07 1.50808e+12
1.59969e-07 1.4138e+12
1.69969e-07 1.33062e+12
1.79969e-07 1.25669e+12
1.89969e-07 1.19053e+12
1.99969e-07 1.131e+12
2.09969e-07 1.07713e+12
2.19969e-07 1.02817e+12
2.29969e-07 9.83456e+11
2.39969e-07 9.42474e+11
2.49969e-07 9.0477e+11
2.59969e-07 8.69967e+11
2.69969e-07 8.37742e+11
2.79969e-07 8.07819e+11
2.89969e-07 7.79961e+11
2.99969e-07 7.53959e+11
3.09969e-07 7.29635e+11
3.19969e-07 7.06832e+11
3.29969e-07 6.85411e+11
3.39969e-07 6.6525e+11
3.49969e-07 6.46241e+11
3.59969e-07 6.28288e+11
3.69969e-07 6.11306e+11
3.79969e-07 5.95218e+11
3.89969e-07 5.79955e+11
3.99969e-07 5.65455e+11
4.09969e-07 5.51662e+11
4.19969e-07 5.38526e+11
4.29969e-07 5.26001e+11
4.39969e-07 5.14046e+11
4.49969e-07 5.02622e+11
4.59969e-07 4.91695e+11
4.69969e-07 4.81232e+11
4.79969e-07 4.71206e+11
4.89969e-07 4.61589e+11
4.99969e-07 4.52356e+11
5.09969e-07 4.43486e+11
5.19969e-07 4.34957e+11
5.29969e-07 4.2675e+11
5.39969e-07 4.18847e+11
5.49969e-07 4.11231e+11
5.59969e-07 4.03887e+11
5.69969e-07 3.96801e+11
5.79969e-07 3.89959e+11
5.89969e-07 3.83349e+11
5.99969e-07 3.7696e+11
6.09969e-07 3.7078e+11
6.19969e-07 3.64799e+11
6.29969e-07 3.59008e+11
6.39969e-07 3.53399e+11
6.49969e-07 3.47961e+11
6.59969e-07 3.42689e+11
6.69969e-07 3.37574e+11
6.79969e-07 3.32609e+11
6.89969e-07 3.27789e+11
6.99969e-07 3.23106e+11
7.09969e-07 3.18555e+11
7.19969e-07 3.1413e+11
7.29969e-07 3.09827e+11
7.39969e-07 3.0564e+11
7.49969e-07 3.01565e+11
7.59969e-07 2.97597e+11
7.69969e-07 2.93731e+11
7.79969e-07 2.89966e+11
7.89969e-07 2.86295e+11
7.99969e-07 2.82716e+11
8.09969e-07 2.79226e+11
8.19969e-07 2.7582e+11
8.29969e-07 2.72497e+11
8.39969e-07 2.69253e+11
8.49969e-07 2.66085e+11
8.59969e-07 2.62991e+11
8.69969e-07 2.59968e+11
8.79969e-07 2.57014e+11
8.89969e-07 2.54126e+11
8.99969e-07 2.51302e+11
9.09969e-07 2.4854e+11
9.19969e-07 2.45839e+11
9.29969e-07 2.43195e+11
9.39969e-07 2.40608e+11
9.49969e-07 2.38075e+11
9.59969e-07 2.35595e+11
9.69969e-07 2.33166e+11
9.79969e-07 2.30787e+11
9.89969e-07 2.28456e+11
9.99969e-07 2.26171e+11
1.00997e-06 2.23932e+11
1.01997e-06 2.21736e+11
1.02997e-06 2.19583e+11
1.03997e-06 2.17472e+11
1.04997e-06 2.15401e+11
1.05997e-06 2.13369e+11
1.06997e-06 2.11374e+11
1.07997e-06 2.09417e+11
1.08997e-06 2.07496e+11
1.09997e-06 2.0561e+11
1.10997e-06 2.03757e+11
1.11997e-06 2.01938e+11
1.12997e-06 2.00151e+11
1.13997e-06 1.98395e+11
1.14997e-06 1.9667e+11
1.15997e-06 1.94974e+11
1.16997e-06 1.93308e+11
1.17997e-06 1.9167e+11
1.18997e-06 1.90059e+11
1.19997e-06 1.88475e+11
1.20997e-06 1.86917e+11
1.21997e-06 1.85385e+11
1.22997e-06 1.83878e+11
1.23997e-06 1.82395e+11
1.24997e-06 1.80936e+11
1.25997e-06 1.795e+11
1.26997e-06 1.78086e+11
1.27997e-06 1.76695e+11
1.28997e-06 1.75325e+11
1.29997e-06 1.73977e+11
1.30997e-06 1.72648e+11
1.31997e-06 1.7134e+11
1.32997e-06 1.70052e+11
1.33997e-06 1.68783e+11
1.34997e-06 1.67533e+11
1.35997e-06 1.66301e+11
1.36997e-06 1.65087e+11
1.37997e-06 1.63891e+11
1.38997e-06 1.62712e+11
1.39997e-06 1.61549e+11
1.40997e-06 1.60404e+11
1.41997e-06 1.59274e+11
1.42997e-06 1.5816e+11
1.43997e-06 1.57062e+11
1.44997e-06 1.55979e+11
1.45997e-06 1.5491e+11
1.46997e-06 1.53856e+11
1.47997e-06 1.52817e+11
1.48997e-06 1.51791e+11
1.49997e-06 1.50779e+11
1.50997e-06 1.49781e+11
1.51997e-06 1.48795e+11
1.52997e-06 1.47823e+11
1.53997e-06 1.46863e+11
1.54997e-06 1.45915e+11
1.55997e-06 1.4498e+11
1.56997e-06 1.44056e+11
1.57997e-06 1.43145e+11
1.58997e-06 1.42244e+11
1.59997e-06 1.41355e+11
1.60997e-06 1.40477e+11
1.61997e-06 1.3961e+11
1.62997e-06 1.38754e+11
1.63997e-06 1.37908e+11
1.64997e-06 1.37072e+11
1.65997e-06 1.36246e+11
1.66997e-06 1.3543e+11
1.67997e-06 1.34624e+11
1.68997e-06 1.33827e+11
1.69997e-06 1.3304e+11
1.70997e-06 1.32262e+11
1.71997e-06 1.31493e+11
1.72997e-06 1.30733e+11
1.73997e-06 1.29982e+11
1.74997e-06 1.29239e+11
1.75997e-06 1.28505e+11
1.76997e-06 1.27779e+11
1.77997e-06 1.27061e+11
1.78997e-06 1.26351e+11
1.79997e-06 1.25649e+11
1.80997e-06 1.24955e+11
1.81997e-06 1.24268e+11
1.82997e-06 1.23589e+11
1.83997e-06 1.22917e+11
1.84997e-06 1.22253e+11
1.85997e-06 1.21596e+11
1.86997e-06 1.20945e+11
1.87997e-06 1.20302e+11
1.88997e-06 1.19665e+11
1.89997e-06 1.19036e+11
1.90997e-06 1.18412e+11
1.91997e-06 1.17796e+11
1.92997e-06 1.17185e+11
1.93997e-06 1.16581e+11
1.94997e-06 1.15983e+11
1.95997e-06 1.15392e+11
1.96997e-06 1.14806e+11
1.97997e-06 1.14226e+11
1.98997e-06 1.13652e+11
1.99997e-06 1.13084e+11
2.00997e-06 1.12521e+11
2.01997e-06 1.11964e+11
2.02997e-06 1.11413e+11
2.03997e-06 1.10866e+11
2.04997e-06 1.10326e+11
2.05997e-06 1.0979e+11
2.06997e-06 1.0926e+11
2.07997e-06 1.08734e+11
2.08997e-06 1.08214e+11
2.09997e-06 1.07699e+11
2.10997e-06 1.07188e+11
2.11997e-06 1.06683e+11
2.12997e-06 1.06182e+11
2.13997e-06 1.05686e+11
2.14997e-06 1.05194e+11
2.15997e-06 1.04707e+11
2.16997e-06 1.04225e+11
2.17997e-06 1.03747e+11
2.18997e-06 1.03273e+11
2.19997e-06 1.02803e+11
2.20997e-06 1.02338e+11
2.21997e-06 1.01877e+11
2.22997e-06 1.0142e+11
2.23997e-06 1.00968e+11
2.24997e-06 1.00519e+11
2.25997e-06 1.00074e+11
2.26997e-06 9.96333e+10
2.27997e-06 9.91963e+10
2.28997e-06 9.87631e+10
2.29997e-06 9.83337e+10
2.30997e-06 9.7908e+10
2.31997e-06 9.7486e+10
2.32997e-06 9.70676e+10
2.33997e-06 9.66528e+10
2.34997e-06 9.62415e+10
2.35997e-06 9.58337e+10
2.36996e-06 9.54293e+10
2.37996e-06 9.50284e+10
2.38996e-06 9.46307e+10
2.39996e-06 9.42365e+10
2.40996e-06 9.38454e+10
2.41996e-06 9.34576e+10
2.42996e-06 9.3073e+10
2.43996e-06 9.26916e+10
2.44996e-06 9.23132e+10
2.45996e-06 9.1938e+10
2.46996e-06 9.15658e+10
2.47996e-06 9.11966e+10
2.48996e-06 9.08303e+10
2.49996e-06 9.0467e+10
2.50996e-06 9.01066e+10
2.51996e-06 8.9749e+10
2.52996e-06 8.93942e+10
2.53996e-06 8.90423e+10
2.54996e-06 8.86931e+10
2.55996e-06 8.83466e+10
2.56996e-06 8.80029e+10
2.57996e-06 8.76618e+10
2.58996e-06 8.73233e+10
2.59996e-06 8.69875e+10
2.60996e-06 8.66542e+10
2.61996e-06 8.63234e+10
2.62996e-06 8.59952e+10
2.63996e-06 8.56695e+10
2.64996e-06 8.53462e+10
2.65996e-06 8.50253e+10
2.66996e-06 8.47069e+10
2.67996e-06 8.43908e+10
2.68996e-06 8.40771e+10
2.69996e-06 8.37657e+10
2.70996e-06 8.34566e+10
2.71996e-06 8.31498e+10
2.72996e-06 8.28452e+10
2.73996e-06 8.25428e+10
2.74996e-06 8.22427e+10
2.75996e-06 8.19447e+10
2.76996e-06 8.16489e+10
2.77996e-06 8.13552e+10
2.78996e-06 8.10636e+10
2.79996e-06 8.07741e+10
2.80996e-06 8.04866e+10
2.81996e-06 8.02012e+10
2.82996e-06 7.99178e+10
2.83996e-06 7.96364e+10
2.84996e-06 7.9357e+10
2.85996e-06 7.90795e+10
2.86996e-06 7.88039e+10
2.87996e-06 7.85303e+10
2.88996e-06 7.82586e+10
2.89996e-06 7.79887e+10
2.90996e-06 7.77207e+10
2.91996e-06 7.74546e+10
2.92996e-06 7.71902e+10
2.93996e-06 7.69277e+10
2.94996e-06 7.66669e+10
2.95996e-06 7.64079e+10
2.96996e-06 7.61506e+10
2.97996e-06 7.58951e+10
2.98996e-06 7.56412e+10
2.99996e-06 7.53891e+10
3.00996e-06 7.51386e+10
3.01996e-06 7.48898e+10
3.02996e-06 7.46427e+10
3.03996e-06 7.43971e+10
3.04996e-06 7.41532e+10
3.05996e-06 7.39109e+10
3.06996e-06 7.36701e+10
3.07996e-06 7.34309e+10
3.08996e-06 7.31933e+10
3.09996e-06 7.29572e+10
3.10996e-06 7.27226e+10
3.11996e-06 7.24895e+10
3.12996e-06 7.22579e+10
3.13996e-06 7.20278e+10
3.14996e-06 7.17991e+10
3.15996e-06 7.15719e+10
3.16996e-06 7.13461e+10
3.17996e-06 7.11218e+10
3.18996e-06 7.08988e+10
3.19996e-06 7.06773e+10
3.20996e-06 7.04571e+10
3.21996e-06 7.02383e+10
3.22996e-06 7.00208e+10
3.23996e-06 6.98047e+10
3.24996e-06 6.95899e+10
3.25996e-06 6.93765e+10
3.26996e-06 6.91643e+10
3.27996e-06 6.89534e+10
3.28996e-06 6.87438e+10
3.29996e-06 6.85355e+10
3.30995e-06 6.83285e+10
3.31995e-06 6.81227e+10
3.32995e-06 6.79181e+10
3.33995e-06 6.77147e+10
3.34995e-06 6.75126e+10
3.35995e-06 6.73117e+10
3.36995e-06 6.71119e+10
3.37995e-06 6.69134e+10
3.38995e-06 6.6716e+10
3.39995e-06 6.65198e+10
3.40995e-06 6.63247e+10
3.41995e-06 6.61308e+10
3.42995e-06 6.5938e+10
3.43995e-06 6.57463e+10
3.44995e-06 6.55557e+10
3.45995e-06 6.53662e+10
3.46995e-06 6.51779e+10
3.47995e-06 6.49906e+10
3.48995e-06 6.48044e+10
3.49995e-06 6.46192e+10
3.50995e-06 6.44351e+10
3.51995e-06 6.4252e+10
3.52995e-06 6.407e+10
3.53995e-06 6.3889e+10
3.54995e-06 6.37091e+10
3.55995e-06 6.35301e+10
3.56995e-06 6.33521e+10
3.57995e-06 6.31752e+10
3.58995e-06 6.29992e+10
3.59995e-06 6.28242e+10
3.60995e-06 6.26502e+10
3.61995e-06 6.24771e+10
3.62995e-06 6.2305e+10
3.63995e-06 6.21338e+10
3.64995e-06 6.19636e+10
3.65995e-06 6.17943e+10
3.66995e-06 6.16259e+10
3.67995e-06 6.14585e+10
3.68995e-06 6.12919e+10
3.69995e-06 6.11263e+10
3.70995e-06 6.09615e+10
3.71995e-06 6.07976e+10
3.72995e-06 6.06346e+10
3.73995e-06 6.04725e+10
3.74995e-06 6.03112e+10
3.75995e-06 6.01508e+10
3.76995e-06 5.99913e+10
3.77995e-06 5.98326e+10
3.78995e-06 5.96747e+10
3.79995e-06 5.95177e+10
3.80995e-06 5.93615e+10
3.81995e-06 5.92061e+10
3.82995e-06 5.90515e+10
3.83995e-06 5.88977e+10
3.84995e-06 5.87447e+10
3.85995e-06 5.85925e+10
3.86995e-06 5.84411e+10
3.87995e-06 5.82905e+10
3.88995e-06 5.81406e+10
3.89995e-06 5.79916e+10
3.90995e-06 5.78433e+10
3.91995e-06 5.76957e+10
3.92995e-06 5.75489e+10
3.93995e-06 5.74028e+10
3.94995e-06 5.72575e+10
3.95995e-06 5.71129e+10
3.96995e-06 5.6969e+10
3.97995e-06 5.68259e+10
3.98995e-06 5.66835e+10
3.99995e-06 5.65418e+10
4.00995e-06 5.64008e+10
4.01995e-06 5.62605e+10
4.02995e-06 5.61209e+10
4.03995e-06 5.5982e+10
4.04995e-06 5.58437e+10
4.05995e-06 5.57062e+10
4.06995e-06 5.55693e+10
4.07995e-06 5.54331e+10
4.08995e-06 5.52976e+10
4.09995e-06 5.51627e+10
4.10995e-06 5.50285e+10
4.11995e-06 5.48949e+10
4.12995e-06 5.4762e+10
4.13995e-06 5.46297e+10
4.14995e-06 5.44981e+10
4.15995e-06 5.43671e+10
4.16995e-06 5.42367e+10
4.17995e-06 5.4107e+10
4.18995e-06 5.39778e+10
4.19995e-06 5.38493e+10
4.20995e-06 5.37214e+10
4.21995e-06 5.35941e+10
4.22995e-06 5.34674e+10
4.23995e-06 5.33413e+10
4.24995e-06 5.32158e+10
4.25994e-06 5.30909e+10
4.26994e-06 5.29665e+10
4.27994e-06 5.28428e+10
4.28994e-06 5.27196e+10
4.29994e-06 5.2597e+10
4.30994e-06 5.2475e+10
4.31994e-06 5.23535e+10
4.32994e-06 5.22326e+10
4.33994e-06 5.21122e+10
4.34994e-06 5.19924e+10
4.35994e-06 5.18732e+10
4.36994e-06 5.17545e+10
4.37994e-06 5.16363e+10
4.38994e-06 5.15187e+10
4.39994e-06 5.14016e+10
4.40994e-06 5.1285e+10
4.41994e-06 5.1169e+10
4.42994e-06 5.10535e+10
4.43994e-06 5.09385e+10
4.44994e-06 5.08241e+10
4.45994e-06 5.07101e+10
4.46994e-06 5.05967e+10
4.47994e-06 5.04837e+10
4.48994e-06 5.03713e+10
4.49994e-06 5.02593e+10
4.50994e-06 5.01479e+10
4.51994e-06 5.0037e+10
4.52994e-06 4.99265e+10
4.53994e-06 4.98165e+10
4.54994e-06 4.9707e+10
4.55994e-06 4.9598e+10
4.56994e-06 4.94895e+10
4.57994e-06 4.93814e+10
4.58994e-06 4.92739e+10
4.59994e-06 4.91667e+10
4.60994e-06 4.90601e+10
4.61994e-06 4.89539e+10
4.62994e-06 4.88482e+10
4.63994e-06 4.87429e+10
4.64994e-06 4.86381e+10
4.65994e-06 4.85337e+10
4.66994e-06 4.84298e+10
4.67994e-06 4.83263e+10
4.68994e-06 4.82232e+10
4.69994e-06 4.81206e+10
4.70994e-06 4.80185e+10
4.71994e-06 4.79167e+10
4.72994e-06 4.78154e+10
4.73994e-06 4.77146e+10
4.74994e-06 4.76141e+10
4.75994e-06 4.75141e+10
4.76994e-06 4.74145e+10
4.77994e-06 4.73153e+10
4.78994e-06 4.72165e+10
4.79994e-06 4.71181e+10
4.80994e-06 4.70202e+10
4.81994e-06 4.69226e+10
4.82994e-06 4.68255e+10
4.83994e-06 4.67287e+10
4.84994e-06 4.66324e+10
4.85994e-06 4.65364e+10
4.86994e-06 4.64409e+10
4.87994e-06 4.63457e+10
4.88994e-06 4.62509e+10
4.89994e-06 4.61565e+10
4.90994e-06 4.60625e+10
4.91994e-06 4.59689e+10
4.92994e-06 4.58757e+10
4.93994e-06 4.57828e+10
4.94994e-06 4.56903e+10
4.95994e-06 4.55982e+10
4.96994e-06 4.55064e+10
4.97994e-06 4.54151e+10
4.98994e-06 4.5324e+10
4.99994e-06 4.52334e+10
