-0.912712 0
-0.894669 0
-0.876627 0
-0.858584 0
-0.840542 0
-0.822499 0
-0.804456 0
-0.786414 0
-0.768371 0
-0.750329 0
-0.732286 0
-0.714243 0
-0.696201 0
-0.678158 0
-0.660116 0
-0.642073 0
-0.62403 0
-0.605988 0
-0.587945 0
-0.569903 0
-0.55186 0
-0.533817 0
-0.515775 0
-0.497732 0
-0.47969 0
-0.461647 1
-0.443604 0
-0.425562 3
-0.407519 6
-0.389477 6
-0.371434 6
-0.353391 14
-0.335349 11
-0.317306 18
-0.299264 23
-0.281221 44
-0.263178 51
-0.245136 61
-0.227093 79
-0.209051 101
-0.191008 107
-0.172965 137
-0.154923 147
-0.13688 176
-0.118838 187
-0.100795 198
-0.0827524 225
-0.0647098 236
-0.0466672 252
-0.0286246 218
-0.010582 275
0.00746059 268
0.0255032 273
0.0435458 236
0.0615883 224
0.079631 200
0.0976736 210
0.115716 177
0.133759 166
0.151801 127
0.169844 122
0.187887 83
0.205929 90
0.223972 58
0.242014 53
0.260057 34
0.2781 32
0.296142 15
0.314185 16
0.332227 13
0.35027 7
0.368313 7
0.386355 4
0.404398 1
0.42244 1
0.440483 1
0.458525 0
0.476568 0
0.494611 0
0.512653 0
0.530696 0
0.548739 0
0.566781 0
0.584824 0
0.602866 0
0.620909 0
0.638951 0
0.656994 0
0.675037 0
0.693079 0
0.711122 0
0.729165 0
0.747207 0
0.76525 0
0.783292 0
0.801335 0
0.819377 0
0.83742 0
0.855463 0
0.873505 0
